X_0 = (x_0 y_0 z_0): --------------------------------------------------------------------------------------------------------------------------------------------------------------------------------
|            k+1|            x_k|            y_k|            z_k|        x_{k+1}|        y_{k+1}|        z_{k+1}|           dx_k|           dy_k|           dz_k|            s_k|
--------------------------------------------------------------------------------------------------------------------------------------------------------------------------------
|              1|       5.000000|       9.000000|      10.000000|       6.000000|       6.000000|       5.666667|       1.000000|      -3.000000|      -4.333333|       8.333333|
|              2|       6.000000|       6.000000|       5.666667|       3.555556|       5.416667|       4.500000|      -2.444444|      -0.583333|      -1.166667|       4.194444|
|              3|       3.555556|       5.416667|       4.500000|       2.972222|       3.902778|       3.393519|      -0.583333|      -1.513889|      -1.106481|       3.203704|
|              4|       2.972222|       3.902778|       3.393519|       2.098765|       3.334491|       2.442130|      -0.873457|      -0.568287|      -0.951389|       2.393133|
|              5|       2.098765|       3.334491|       2.442130|       1.592207|       2.659915|       1.866834|      -0.506559|      -0.674576|      -0.575296|       1.756430|
|              6|       1.592207|       2.659915|       1.866834|       1.175583|       2.262812|       1.360693|      -0.416624|      -0.397103|      -0.506141|       1.319868|
|              7|       1.175583|       2.262812|       1.360693|       0.874502|       1.927965|       1.023267|      -0.301081|      -0.334847|      -0.337426|       0.973355|
|              8|       0.874502|       1.927965|       1.023267|       0.650411|       1.693068|       0.755483|      -0.224091|      -0.234897|      -0.267784|       0.726772|
|              9|       0.650411|       1.693068|       0.755483|       0.482850|       1.514076|       0.563337|      -0.167560|      -0.178992|      -0.192146|       0.538698|
|             10|       0.482850|       1.514076|       0.563337|       0.359138|       1.382259|       0.417988|      -0.123712|      -0.131817|      -0.145349|       0.400878|
|             11|       0.359138|       1.382259|       0.417988|       0.266749|       1.284066|       0.310842|      -0.092389|      -0.098194|      -0.107146|       0.297728|
|             12|       0.266749|       1.284066|       0.310842|       0.198303|       1.211085|       0.230949|      -0.068446|      -0.072981|      -0.079893|       0.221320|
|             13|       0.198303|       1.211085|       0.230949|       0.147345|       1.156889|       0.171643|      -0.050958|      -0.054196|      -0.059306|       0.164460|
|             14|       0.147345|       1.156889|       0.171643|       0.109511|       1.116583|       0.127559|      -0.037834|      -0.040305|      -0.044084|       0.122224|
|             15|       0.109511|       1.116583|       0.127559|       0.081381|       1.086645|       0.094795|      -0.028130|      -0.029938|      -0.032764|       0.090832|
|             16|       0.081381|       1.086645|       0.094795|       0.060480|       1.064389|       0.070450|      -0.020901|      -0.022256|      -0.024346|       0.067502|
|             17|       0.060480|       1.064389|       0.070450|       0.044946|       1.047852|       0.052355|      -0.015534|      -0.016537|      -0.018095|       0.050166|
|             18|       0.044946|       1.047852|       0.052355|       0.033402|       1.035562|       0.038908|      -0.011544|      -0.012291|      -0.013446|       0.037281|
|             19|       0.033402|       1.035562|       0.038908|       0.024823|       1.026428|       0.028915|      -0.008579|      -0.009134|      -0.009993|       0.027706|
|             20|       0.024823|       1.026428|       0.028915|       0.018448|       1.019640|       0.021489|      -0.006376|      -0.006788|      -0.007426|       0.020590|
|             21|       0.018448|       1.019640|       0.021489|       0.013710|       1.014596|       0.015969|      -0.004738|      -0.005044|      -0.005519|       0.015302|
|             22|       0.013710|       1.014596|       0.015969|       0.010189|       1.010847|       0.011868|      -0.003521|      -0.003749|      -0.004102|       0.011372|
|             23|       0.010189|       1.010847|       0.011868|       0.007572|       1.008061|       0.008820|      -0.002617|      -0.002786|      -0.003048|       0.008451|
|             24|       0.007572|       1.008061|       0.008820|       0.005627|       1.005991|       0.006555|      -0.001945|      -0.002070|      -0.002265|       0.006280|
|             25|       0.005627|       1.005991|       0.006555|       0.004182|       1.004452|       0.004871|      -0.001445|      -0.001539|      -0.001683|       0.004667|
|             26|       0.004182|       1.004452|       0.004871|       0.003108|       1.003309|       0.003620|      -0.001074|      -0.001143|      -0.001251|       0.003469|
|             27|       0.003108|       1.003309|       0.003620|       0.002310|       1.002459|       0.002690|      -0.000798|      -0.000850|      -0.000930|       0.002578|
|             28|       0.002310|       1.002459|       0.002690|       0.001716|       1.001827|       0.001999|      -0.000593|      -0.000632|      -0.000691|       0.001916|
|             29|       0.001716|       1.001827|       0.001999|       0.001276|       1.001358|       0.001486|      -0.000441|      -0.000469|      -0.000513|       0.001424|
|             30|       0.001276|       1.001358|       0.001486|       0.000948|       1.001009|       0.001104|      -0.000328|      -0.000349|      -0.000382|       0.001058|
|             31|       0.000948|       1.001009|       0.001104|       0.000704|       1.000750|       0.000821|      -0.000243|      -0.000259|      -0.000284|       0.000786|
--------------------------------------------------------------------------------------------------------------------------------------------------------------------------------
Result iteration count is 30 and the result of calculation is (0.000704, 1.000750, 0.000821), which deviation from the root is 0.002275 and it is not less than eps = 0.001000
--------------------------------------------------------------------------------------------------------------------------------------------------------------------------------
--------------------------------------------------------------------------------------------------------------------------------------------------------------------------------
|            k+1|            x_k|            y_k|            z_k|        x_{k+1}|        y_{k+1}|        z_{k+1}|           dx_k|           dy_k|           dz_k|            s_k|
--------------------------------------------------------------------------------------------------------------------------------------------------------------------------------
|              1|       5.000000|       9.000000|      10.000000|       6.000000|       6.000000|       5.666667|       1.000000|      -3.000000|      -4.333333|       8.333333|
|              2|       6.000000|       6.000000|       5.666667|       3.555556|       5.416667|       4.500000|      -2.444444|      -0.583333|      -1.166667|       4.194444|
|              3|       3.555556|       5.416667|       4.500000|       2.972222|       3.902778|       3.393519|      -0.583333|      -1.513889|      -1.106481|       3.203704|
|              4|       2.972222|       3.902778|       3.393519|       2.098765|       3.334491|       2.442130|      -0.873457|      -0.568287|      -0.951389|       2.393133|
|              5|       2.098765|       3.334491|       2.442130|       1.592207|       2.659915|       1.866834|      -0.506559|      -0.674576|      -0.575296|       1.756430|
|              6|       1.592207|       2.659915|       1.866834|       1.175583|       2.262812|       1.360693|      -0.416624|      -0.397103|      -0.506141|       1.319868|
|              7|       1.175583|       2.262812|       1.360693|       0.874502|       1.927965|       1.023267|      -0.301081|      -0.334847|      -0.337426|       0.973355|
|              8|       0.874502|       1.927965|       1.023267|       0.650411|       1.693068|       0.755483|      -0.224091|      -0.234897|      -0.267784|       0.726772|
|              9|       0.650411|       1.693068|       0.755483|       0.482850|       1.514076|       0.563337|      -0.167560|      -0.178992|      -0.192146|       0.538698|
|             10|       0.482850|       1.514076|       0.563337|       0.359138|       1.382259|       0.417988|      -0.123712|      -0.131817|      -0.145349|       0.400878|
|             11|       0.359138|       1.382259|       0.417988|       0.266749|       1.284066|       0.310842|      -0.092389|      -0.098194|      -0.107146|       0.297728|
|             12|       0.266749|       1.284066|       0.310842|       0.198303|       1.211085|       0.230949|      -0.068446|      -0.072981|      -0.079893|       0.221320|
|             13|       0.198303|       1.211085|       0.230949|       0.147345|       1.156889|       0.171643|      -0.050958|      -0.054196|      -0.059306|       0.164460|
|             14|       0.147345|       1.156889|       0.171643|       0.109511|       1.116583|       0.127559|      -0.037834|      -0.040305|      -0.044084|       0.122224|
|             15|       0.109511|       1.116583|       0.127559|       0.081381|       1.086645|       0.094795|      -0.028130|      -0.029938|      -0.032764|       0.090832|
|             16|       0.081381|       1.086645|       0.094795|       0.060480|       1.064389|       0.070450|      -0.020901|      -0.022256|      -0.024346|       0.067502|
|             17|       0.060480|       1.064389|       0.070450|       0.044946|       1.047852|       0.052355|      -0.015534|      -0.016537|      -0.018095|       0.050166|
|             18|       0.044946|       1.047852|       0.052355|       0.033402|       1.035562|       0.038908|      -0.011544|      -0.012291|      -0.013446|       0.037281|
|             19|       0.033402|       1.035562|       0.038908|       0.024823|       1.026428|       0.028915|      -0.008579|      -0.009134|      -0.009993|       0.027706|
|             20|       0.024823|       1.026428|       0.028915|       0.018448|       1.019640|       0.021489|      -0.006376|      -0.006788|      -0.007426|       0.020590|
|             21|       0.018448|       1.019640|       0.021489|       0.013710|       1.014596|       0.015969|      -0.004738|      -0.005044|      -0.005519|       0.015302|
|             22|       0.013710|       1.014596|       0.015969|       0.010189|       1.010847|       0.011868|      -0.003521|      -0.003749|      -0.004102|       0.011372|
|             23|       0.010189|       1.010847|       0.011868|       0.007572|       1.008061|       0.008820|      -0.002617|      -0.002786|      -0.003048|       0.008451|
|             24|       0.007572|       1.008061|       0.008820|       0.005627|       1.005991|       0.006555|      -0.001945|      -0.002070|      -0.002265|       0.006280|
|             25|       0.005627|       1.005991|       0.006555|       0.004182|       1.004452|       0.004871|      -0.001445|      -0.001539|      -0.001683|       0.004667|
|             26|       0.004182|       1.004452|       0.004871|       0.003108|       1.003309|       0.003620|      -0.001074|      -0.001143|      -0.001251|       0.003469|
|             27|       0.003108|       1.003309|       0.003620|       0.002310|       1.002459|       0.002690|      -0.000798|      -0.000850|      -0.000930|       0.002578|
|             28|       0.002310|       1.002459|       0.002690|       0.001716|       1.001827|       0.001999|      -0.000593|      -0.000632|      -0.000691|       0.001916|
|             29|       0.001716|       1.001827|       0.001999|       0.001276|       1.001358|       0.001486|      -0.000441|      -0.000469|      -0.000513|       0.001424|
|             30|       0.001276|       1.001358|       0.001486|       0.000948|       1.001009|       0.001104|      -0.000328|      -0.000349|      -0.000382|       0.001058|
|             31|       0.000948|       1.001009|       0.001104|       0.000704|       1.000750|       0.000821|      -0.000243|      -0.000259|      -0.000284|       0.000786|
|             32|       0.000704|       1.000750|       0.000821|       0.000524|       1.000557|       0.000610|      -0.000181|      -0.000193|      -0.000211|       0.000584|
|             33|       0.000524|       1.000557|       0.000610|       0.000389|       1.000414|       0.000453|      -0.000134|      -0.000143|      -0.000157|       0.000434|
|             34|       0.000389|       1.000414|       0.000453|       0.000289|       1.000308|       0.000337|      -0.000100|      -0.000106|      -0.000116|       0.000323|
|             35|       0.000289|       1.000308|       0.000337|       0.000215|       1.000229|       0.000250|      -0.000074|      -0.000079|      -0.000087|       0.000240|
|             36|       0.000215|       1.000229|       0.000250|       0.000160|       1.000170|       0.000186|      -0.000055|      -0.000059|      -0.000064|       0.000178|
|             37|       0.000160|       1.000170|       0.000186|       0.000119|       1.000126|       0.000138|      -0.000041|      -0.000044|      -0.000048|       0.000132|
|             38|       0.000119|       1.000126|       0.000138|       0.000088|       1.000094|       0.000103|      -0.000030|      -0.000032|      -0.000036|       0.000098|
|             39|       0.000088|       1.000094|       0.000103|       0.000066|       1.000070|       0.000076|      -0.000023|      -0.000024|      -0.000026|       0.000073|
|             40|       0.000066|       1.000070|       0.000076|       0.000049|       1.000052|       0.000057|      -0.000017|      -0.000018|      -0.000020|       0.000054|
|             41|       0.000049|       1.000052|       0.000057|       0.000036|       1.000039|       0.000042|      -0.000013|      -0.000013|      -0.000015|       0.000040|
|             42|       0.000036|       1.000039|       0.000042|       0.000027|       1.000029|       0.000031|      -0.000009|      -0.000010|      -0.000011|       0.000030|
|             43|       0.000027|       1.000029|       0.000031|       0.000020|       1.000021|       0.000023|      -0.000007|      -0.000007|      -0.000008|       0.000022|
|             44|       0.000020|       1.000021|       0.000023|       0.000015|       1.000016|       0.000017|      -0.000005|      -0.000005|      -0.000006|       0.000017|
|             45|       0.000015|       1.000016|       0.000017|       0.000011|       1.000012|       0.000013|      -0.000004|      -0.000004|      -0.000004|       0.000012|
|             46|       0.000011|       1.000012|       0.000013|       0.000008|       1.000009|       0.000010|      -0.000003|      -0.000003|      -0.000003|       0.000009|
--------------------------------------------------------------------------------------------------------------------------------------------------------------------------------
Result iteration count is 45 and the result of calculation is (0.000008, 1.000009, 0.000010), which deviation from the root is 0.000026 and it is not less than eps = 0.000010
--------------------------------------------------------------------------------------------------------------------------------------------------------------------------------
--------------------------------------------------------------------------------------------------------------------------------------------------------------------------------
|            k+1|            x_k|            y_k|            z_k|        x_{k+1}|        y_{k+1}|        z_{k+1}|           dx_k|           dy_k|           dz_k|            s_k|
--------------------------------------------------------------------------------------------------------------------------------------------------------------------------------
|              1|       5.000000|       9.000000|      10.000000|       6.000000|       6.000000|       5.666667|       1.000000|      -3.000000|      -4.333333|       8.333333|
|              2|       6.000000|       6.000000|       5.666667|       3.555556|       5.416667|       4.500000|      -2.444444|      -0.583333|      -1.166667|       4.194444|
|              3|       3.555556|       5.416667|       4.500000|       2.972222|       3.902778|       3.393519|      -0.583333|      -1.513889|      -1.106481|       3.203704|
|              4|       2.972222|       3.902778|       3.393519|       2.098765|       3.334491|       2.442130|      -0.873457|      -0.568287|      -0.951389|       2.393133|
|              5|       2.098765|       3.334491|       2.442130|       1.592207|       2.659915|       1.866834|      -0.506559|      -0.674576|      -0.575296|       1.756430|
|              6|       1.592207|       2.659915|       1.866834|       1.175583|       2.262812|       1.360693|      -0.416624|      -0.397103|      -0.506141|       1.319868|
|              7|       1.175583|       2.262812|       1.360693|       0.874502|       1.927965|       1.023267|      -0.301081|      -0.334847|      -0.337426|       0.973355|
|              8|       0.874502|       1.927965|       1.023267|       0.650411|       1.693068|       0.755483|      -0.224091|      -0.234897|      -0.267784|       0.726772|
|              9|       0.650411|       1.693068|       0.755483|       0.482850|       1.514076|       0.563337|      -0.167560|      -0.178992|      -0.192146|       0.538698|
|             10|       0.482850|       1.514076|       0.563337|       0.359138|       1.382259|       0.417988|      -0.123712|      -0.131817|      -0.145349|       0.400878|
|             11|       0.359138|       1.382259|       0.417988|       0.266749|       1.284066|       0.310842|      -0.092389|      -0.098194|      -0.107146|       0.297728|
|             12|       0.266749|       1.284066|       0.310842|       0.198303|       1.211085|       0.230949|      -0.068446|      -0.072981|      -0.079893|       0.221320|
|             13|       0.198303|       1.211085|       0.230949|       0.147345|       1.156889|       0.171643|      -0.050958|      -0.054196|      -0.059306|       0.164460|
|             14|       0.147345|       1.156889|       0.171643|       0.109511|       1.116583|       0.127559|      -0.037834|      -0.040305|      -0.044084|       0.122224|
|             15|       0.109511|       1.116583|       0.127559|       0.081381|       1.086645|       0.094795|      -0.028130|      -0.029938|      -0.032764|       0.090832|
|             16|       0.081381|       1.086645|       0.094795|       0.060480|       1.064389|       0.070450|      -0.020901|      -0.022256|      -0.024346|       0.067502|
|             17|       0.060480|       1.064389|       0.070450|       0.044946|       1.047852|       0.052355|      -0.015534|      -0.016537|      -0.018095|       0.050166|
|             18|       0.044946|       1.047852|       0.052355|       0.033402|       1.035562|       0.038908|      -0.011544|      -0.012291|      -0.013446|       0.037281|
|             19|       0.033402|       1.035562|       0.038908|       0.024823|       1.026428|       0.028915|      -0.008579|      -0.009134|      -0.009993|       0.027706|
|             20|       0.024823|       1.026428|       0.028915|       0.018448|       1.019640|       0.021489|      -0.006376|      -0.006788|      -0.007426|       0.020590|
|             21|       0.018448|       1.019640|       0.021489|       0.013710|       1.014596|       0.015969|      -0.004738|      -0.005044|      -0.005519|       0.015302|
|             22|       0.013710|       1.014596|       0.015969|       0.010189|       1.010847|       0.011868|      -0.003521|      -0.003749|      -0.004102|       0.011372|
|             23|       0.010189|       1.010847|       0.011868|       0.007572|       1.008061|       0.008820|      -0.002617|      -0.002786|      -0.003048|       0.008451|
|             24|       0.007572|       1.008061|       0.008820|       0.005627|       1.005991|       0.006555|      -0.001945|      -0.002070|      -0.002265|       0.006280|
|             25|       0.005627|       1.005991|       0.006555|       0.004182|       1.004452|       0.004871|      -0.001445|      -0.001539|      -0.001683|       0.004667|
|             26|       0.004182|       1.004452|       0.004871|       0.003108|       1.003309|       0.003620|      -0.001074|      -0.001143|      -0.001251|       0.003469|
|             27|       0.003108|       1.003309|       0.003620|       0.002310|       1.002459|       0.002690|      -0.000798|      -0.000850|      -0.000930|       0.002578|
|             28|       0.002310|       1.002459|       0.002690|       0.001716|       1.001827|       0.001999|      -0.000593|      -0.000632|      -0.000691|       0.001916|
|             29|       0.001716|       1.001827|       0.001999|       0.001276|       1.001358|       0.001486|      -0.000441|      -0.000469|      -0.000513|       0.001424|
|             30|       0.001276|       1.001358|       0.001486|       0.000948|       1.001009|       0.001104|      -0.000328|      -0.000349|      -0.000382|       0.001058|
|             31|       0.000948|       1.001009|       0.001104|       0.000704|       1.000750|       0.000821|      -0.000243|      -0.000259|      -0.000284|       0.000786|
|             32|       0.000704|       1.000750|       0.000821|       0.000524|       1.000557|       0.000610|      -0.000181|      -0.000193|      -0.000211|       0.000584|
|             33|       0.000524|       1.000557|       0.000610|       0.000389|       1.000414|       0.000453|      -0.000134|      -0.000143|      -0.000157|       0.000434|
|             34|       0.000389|       1.000414|       0.000453|       0.000289|       1.000308|       0.000337|      -0.000100|      -0.000106|      -0.000116|       0.000323|
|             35|       0.000289|       1.000308|       0.000337|       0.000215|       1.000229|       0.000250|      -0.000074|      -0.000079|      -0.000087|       0.000240|
|             36|       0.000215|       1.000229|       0.000250|       0.000160|       1.000170|       0.000186|      -0.000055|      -0.000059|      -0.000064|       0.000178|
--------------------------------------------------------------------------------------------------------------------------------------------------------------------------------
Result iteration count is 35 and the result of calculation is (0.000160, 1.000170, 0.000186), which deviation from the root is 0.000516 and it is less than eps = 0.001000
--------------------------------------------------------------------------------------------------------------------------------------------------------------------------------
--------------------------------------------------------------------------------------------------------------------------------------------------------------------------------
|            k+1|            x_k|            y_k|            z_k|        x_{k+1}|        y_{k+1}|        z_{k+1}|           dx_k|           dy_k|           dz_k|            s_k|
--------------------------------------------------------------------------------------------------------------------------------------------------------------------------------
|              1|       5.000000|       9.000000|      10.000000|       6.000000|       6.000000|       5.666667|       1.000000|      -3.000000|      -4.333333|       8.333333|
|              2|       6.000000|       6.000000|       5.666667|       3.555556|       5.416667|       4.500000|      -2.444444|      -0.583333|      -1.166667|       4.194444|
|              3|       3.555556|       5.416667|       4.500000|       2.972222|       3.902778|       3.393519|      -0.583333|      -1.513889|      -1.106481|       3.203704|
|              4|       2.972222|       3.902778|       3.393519|       2.098765|       3.334491|       2.442130|      -0.873457|      -0.568287|      -0.951389|       2.393133|
|              5|       2.098765|       3.334491|       2.442130|       1.592207|       2.659915|       1.866834|      -0.506559|      -0.674576|      -0.575296|       1.756430|
|              6|       1.592207|       2.659915|       1.866834|       1.175583|       2.262812|       1.360693|      -0.416624|      -0.397103|      -0.506141|       1.319868|
|              7|       1.175583|       2.262812|       1.360693|       0.874502|       1.927965|       1.023267|      -0.301081|      -0.334847|      -0.337426|       0.973355|
|              8|       0.874502|       1.927965|       1.023267|       0.650411|       1.693068|       0.755483|      -0.224091|      -0.234897|      -0.267784|       0.726772|
|              9|       0.650411|       1.693068|       0.755483|       0.482850|       1.514076|       0.563337|      -0.167560|      -0.178992|      -0.192146|       0.538698|
|             10|       0.482850|       1.514076|       0.563337|       0.359138|       1.382259|       0.417988|      -0.123712|      -0.131817|      -0.145349|       0.400878|
|             11|       0.359138|       1.382259|       0.417988|       0.266749|       1.284066|       0.310842|      -0.092389|      -0.098194|      -0.107146|       0.297728|
|             12|       0.266749|       1.284066|       0.310842|       0.198303|       1.211085|       0.230949|      -0.068446|      -0.072981|      -0.079893|       0.221320|
|             13|       0.198303|       1.211085|       0.230949|       0.147345|       1.156889|       0.171643|      -0.050958|      -0.054196|      -0.059306|       0.164460|
|             14|       0.147345|       1.156889|       0.171643|       0.109511|       1.116583|       0.127559|      -0.037834|      -0.040305|      -0.044084|       0.122224|
|             15|       0.109511|       1.116583|       0.127559|       0.081381|       1.086645|       0.094795|      -0.028130|      -0.029938|      -0.032764|       0.090832|
|             16|       0.081381|       1.086645|       0.094795|       0.060480|       1.064389|       0.070450|      -0.020901|      -0.022256|      -0.024346|       0.067502|
|             17|       0.060480|       1.064389|       0.070450|       0.044946|       1.047852|       0.052355|      -0.015534|      -0.016537|      -0.018095|       0.050166|
|             18|       0.044946|       1.047852|       0.052355|       0.033402|       1.035562|       0.038908|      -0.011544|      -0.012291|      -0.013446|       0.037281|
|             19|       0.033402|       1.035562|       0.038908|       0.024823|       1.026428|       0.028915|      -0.008579|      -0.009134|      -0.009993|       0.027706|
|             20|       0.024823|       1.026428|       0.028915|       0.018448|       1.019640|       0.021489|      -0.006376|      -0.006788|      -0.007426|       0.020590|
|             21|       0.018448|       1.019640|       0.021489|       0.013710|       1.014596|       0.015969|      -0.004738|      -0.005044|      -0.005519|       0.015302|
|             22|       0.013710|       1.014596|       0.015969|       0.010189|       1.010847|       0.011868|      -0.003521|      -0.003749|      -0.004102|       0.011372|
|             23|       0.010189|       1.010847|       0.011868|       0.007572|       1.008061|       0.008820|      -0.002617|      -0.002786|      -0.003048|       0.008451|
|             24|       0.007572|       1.008061|       0.008820|       0.005627|       1.005991|       0.006555|      -0.001945|      -0.002070|      -0.002265|       0.006280|
|             25|       0.005627|       1.005991|       0.006555|       0.004182|       1.004452|       0.004871|      -0.001445|      -0.001539|      -0.001683|       0.004667|
|             26|       0.004182|       1.004452|       0.004871|       0.003108|       1.003309|       0.003620|      -0.001074|      -0.001143|      -0.001251|       0.003469|
|             27|       0.003108|       1.003309|       0.003620|       0.002310|       1.002459|       0.002690|      -0.000798|      -0.000850|      -0.000930|       0.002578|
|             28|       0.002310|       1.002459|       0.002690|       0.001716|       1.001827|       0.001999|      -0.000593|      -0.000632|      -0.000691|       0.001916|
|             29|       0.001716|       1.001827|       0.001999|       0.001276|       1.001358|       0.001486|      -0.000441|      -0.000469|      -0.000513|       0.001424|
|             30|       0.001276|       1.001358|       0.001486|       0.000948|       1.001009|       0.001104|      -0.000328|      -0.000349|      -0.000382|       0.001058|
|             31|       0.000948|       1.001009|       0.001104|       0.000704|       1.000750|       0.000821|      -0.000243|      -0.000259|      -0.000284|       0.000786|
|             32|       0.000704|       1.000750|       0.000821|       0.000524|       1.000557|       0.000610|      -0.000181|      -0.000193|      -0.000211|       0.000584|
|             33|       0.000524|       1.000557|       0.000610|       0.000389|       1.000414|       0.000453|      -0.000134|      -0.000143|      -0.000157|       0.000434|
|             34|       0.000389|       1.000414|       0.000453|       0.000289|       1.000308|       0.000337|      -0.000100|      -0.000106|      -0.000116|       0.000323|
|             35|       0.000289|       1.000308|       0.000337|       0.000215|       1.000229|       0.000250|      -0.000074|      -0.000079|      -0.000087|       0.000240|
|             36|       0.000215|       1.000229|       0.000250|       0.000160|       1.000170|       0.000186|      -0.000055|      -0.000059|      -0.000064|       0.000178|
|             37|       0.000160|       1.000170|       0.000186|       0.000119|       1.000126|       0.000138|      -0.000041|      -0.000044|      -0.000048|       0.000132|
|             38|       0.000119|       1.000126|       0.000138|       0.000088|       1.000094|       0.000103|      -0.000030|      -0.000032|      -0.000036|       0.000098|
|             39|       0.000088|       1.000094|       0.000103|       0.000066|       1.000070|       0.000076|      -0.000023|      -0.000024|      -0.000026|       0.000073|
|             40|       0.000066|       1.000070|       0.000076|       0.000049|       1.000052|       0.000057|      -0.000017|      -0.000018|      -0.000020|       0.000054|
|             41|       0.000049|       1.000052|       0.000057|       0.000036|       1.000039|       0.000042|      -0.000013|      -0.000013|      -0.000015|       0.000040|
|             42|       0.000036|       1.000039|       0.000042|       0.000027|       1.000029|       0.000031|      -0.000009|      -0.000010|      -0.000011|       0.000030|
|             43|       0.000027|       1.000029|       0.000031|       0.000020|       1.000021|       0.000023|      -0.000007|      -0.000007|      -0.000008|       0.000022|
|             44|       0.000020|       1.000021|       0.000023|       0.000015|       1.000016|       0.000017|      -0.000005|      -0.000005|      -0.000006|       0.000017|
|             45|       0.000015|       1.000016|       0.000017|       0.000011|       1.000012|       0.000013|      -0.000004|      -0.000004|      -0.000004|       0.000012|
|             46|       0.000011|       1.000012|       0.000013|       0.000008|       1.000009|       0.000010|      -0.000003|      -0.000003|      -0.000003|       0.000009|
|             47|       0.000008|       1.000009|       0.000010|       0.000006|       1.000006|       0.000007|      -0.000002|      -0.000002|      -0.000002|       0.000007|
|             48|       0.000006|       1.000006|       0.000007|       0.000005|       1.000005|       0.000005|      -0.000002|      -0.000002|      -0.000002|       0.000005|
|             49|       0.000005|       1.000005|       0.000005|       0.000003|       1.000004|       0.000004|      -0.000001|      -0.000001|      -0.000001|       0.000004|
|             50|       0.000003|       1.000004|       0.000004|       0.000003|       1.000003|       0.000003|      -0.000001|      -0.000001|      -0.000001|       0.000003|
|             51|       0.000003|       1.000003|       0.000003|       0.000002|       1.000002|       0.000002|      -0.000001|      -0.000001|      -0.000001|       0.000002|
|             52|       0.000002|       1.000002|       0.000002|       0.000001|       1.000001|       0.000002|      -0.000000|      -0.000001|      -0.000001|       0.000002|
--------------------------------------------------------------------------------------------------------------------------------------------------------------------------------
Result iteration count is 51 and the result of calculation is (0.000001, 1.000001, 0.000002), which deviation from the root is 0.000004 and it is less than eps = 0.000010
--------------------------------------------------------------------------------------------------------------------------------------------------------------------------------
--------------------------------------------------------------------------------------------------------------------------------------------------------------------------------
|            k+1|            x_k|            y_k|            z_k|        x_{k+1}|        y_{k+1}|        z_{k+1}|           dx_k|           dy_k|           dz_k|            s_k|
--------------------------------------------------------------------------------------------------------------------------------------------------------------------------------
|              1|       5.000000|       9.000000|      10.000000|       6.000000|       6.500000|       4.750000|       1.000000|      -2.500000|      -5.250000|       8.750000|
|              2|       6.000000|       6.500000|       4.750000|       3.416667|       3.895833|       2.586806|      -2.583333|      -2.604167|      -2.163194|       7.350694|
|              3|       3.416667|       3.895833|       2.586806|       1.827546|       2.560475|       1.389419|      -1.589120|      -1.335359|      -1.197386|       4.121865|
|              4|       1.827546|       2.560475|       1.389419|       0.983298|       1.839004|       0.747268|      -0.844248|      -0.721471|      -0.642151|       2.207871|
|              5|       0.983298|       1.839004|       0.747268|       0.528757|       1.451196|       0.401850|      -0.454541|      -0.387808|      -0.345418|       1.187767|
|              6|       0.528757|       1.451196|       0.401850|       0.284349|       1.242637|       0.216101|      -0.244409|      -0.208559|      -0.185749|       0.638716|
|              7|       0.284349|       1.242637|       0.216101|       0.152913|       1.130482|       0.116212|      -0.131436|      -0.112155|      -0.099890|       0.343481|
|              8|       0.152913|       1.130482|       0.116212|       0.082231|       1.070169|       0.062495|      -0.070682|      -0.060313|      -0.053717|       0.184712|
|              9|       0.082231|       1.070169|       0.062495|       0.044221|       1.037734|       0.033607|      -0.038010|      -0.032434|      -0.028887|       0.099332|
|             10|       0.044221|       1.037734|       0.033607|       0.023781|       1.020292|       0.018073|      -0.020441|      -0.017442|      -0.015535|       0.053417|
|             11|       0.023781|       1.020292|       0.018073|       0.012788|       1.010912|       0.009719|      -0.010992|      -0.009380|      -0.008354|       0.028726|
|             12|       0.012788|       1.010912|       0.009719|       0.006877|       1.005868|       0.005227|      -0.005911|      -0.005044|      -0.004492|       0.015448|
|             13|       0.006877|       1.005868|       0.005227|       0.003698|       1.003156|       0.002811|      -0.003179|      -0.002713|      -0.002416|       0.008307|
|             14|       0.003698|       1.003156|       0.002811|       0.001989|       1.001697|       0.001511|      -0.001709|      -0.001459|      -0.001299|       0.004467|
|             15|       0.001989|       1.001697|       0.001511|       0.001070|       1.000913|       0.000813|      -0.000919|      -0.000784|      -0.000699|       0.002402|
|             16|       0.001070|       1.000913|       0.000813|       0.000575|       1.000491|       0.000437|      -0.000494|      -0.000422|      -0.000376|       0.001292|
|             17|       0.000575|       1.000491|       0.000437|       0.000309|       1.000264|       0.000235|      -0.000266|      -0.000227|      -0.000202|       0.000695|
--------------------------------------------------------------------------------------------------------------------------------------------------------------------------------
Result iteration count is 16 and the result of calculation is (0.000309, 1.000264, 0.000235), which deviation from the root is 0.000808 and it is less than eps = 0.001000
--------------------------------------------------------------------------------------------------------------------------------------------------------------------------------
--------------------------------------------------------------------------------------------------------------------------------------------------------------------------------
|            k+1|            x_k|            y_k|            z_k|        x_{k+1}|        y_{k+1}|        z_{k+1}|           dx_k|           dy_k|           dz_k|            s_k|
--------------------------------------------------------------------------------------------------------------------------------------------------------------------------------
|              1|       5.000000|       9.000000|      10.000000|       6.000000|       6.500000|       4.750000|       1.000000|      -2.500000|      -5.250000|       8.750000|
|              2|       6.000000|       6.500000|       4.750000|       3.416667|       3.895833|       2.586806|      -2.583333|      -2.604167|      -2.163194|       7.350694|
|              3|       3.416667|       3.895833|       2.586806|       1.827546|       2.560475|       1.389419|      -1.589120|      -1.335359|      -1.197386|       4.121865|
|              4|       1.827546|       2.560475|       1.389419|       0.983298|       1.839004|       0.747268|      -0.844248|      -0.721471|      -0.642151|       2.207871|
|              5|       0.983298|       1.839004|       0.747268|       0.528757|       1.451196|       0.401850|      -0.454541|      -0.387808|      -0.345418|       1.187767|
|              6|       0.528757|       1.451196|       0.401850|       0.284349|       1.242637|       0.216101|      -0.244409|      -0.208559|      -0.185749|       0.638716|
|              7|       0.284349|       1.242637|       0.216101|       0.152913|       1.130482|       0.116212|      -0.131436|      -0.112155|      -0.099890|       0.343481|
|              8|       0.152913|       1.130482|       0.116212|       0.082231|       1.070169|       0.062495|      -0.070682|      -0.060313|      -0.053717|       0.184712|
|              9|       0.082231|       1.070169|       0.062495|       0.044221|       1.037734|       0.033607|      -0.038010|      -0.032434|      -0.028887|       0.099332|
|             10|       0.044221|       1.037734|       0.033607|       0.023781|       1.020292|       0.018073|      -0.020441|      -0.017442|      -0.015535|       0.053417|
|             11|       0.023781|       1.020292|       0.018073|       0.012788|       1.010912|       0.009719|      -0.010992|      -0.009380|      -0.008354|       0.028726|
|             12|       0.012788|       1.010912|       0.009719|       0.006877|       1.005868|       0.005227|      -0.005911|      -0.005044|      -0.004492|       0.015448|
|             13|       0.006877|       1.005868|       0.005227|       0.003698|       1.003156|       0.002811|      -0.003179|      -0.002713|      -0.002416|       0.008307|
|             14|       0.003698|       1.003156|       0.002811|       0.001989|       1.001697|       0.001511|      -0.001709|      -0.001459|      -0.001299|       0.004467|
|             15|       0.001989|       1.001697|       0.001511|       0.001070|       1.000913|       0.000813|      -0.000919|      -0.000784|      -0.000699|       0.002402|
|             16|       0.001070|       1.000913|       0.000813|       0.000575|       1.000491|       0.000437|      -0.000494|      -0.000422|      -0.000376|       0.001292|
|             17|       0.000575|       1.000491|       0.000437|       0.000309|       1.000264|       0.000235|      -0.000266|      -0.000227|      -0.000202|       0.000695|
|             18|       0.000309|       1.000264|       0.000235|       0.000166|       1.000142|       0.000126|      -0.000143|      -0.000122|      -0.000109|       0.000374|
|             19|       0.000166|       1.000142|       0.000126|       0.000089|       1.000076|       0.000068|      -0.000077|      -0.000066|      -0.000058|       0.000201|
|             20|       0.000089|       1.000076|       0.000068|       0.000048|       1.000041|       0.000037|      -0.000041|      -0.000035|      -0.000031|       0.000108|
|             21|       0.000048|       1.000041|       0.000037|       0.000026|       1.000022|       0.000020|      -0.000022|      -0.000019|      -0.000017|       0.000058|
|             22|       0.000026|       1.000022|       0.000020|       0.000014|       1.000012|       0.000011|      -0.000012|      -0.000010|      -0.000009|       0.000031|
|             23|       0.000014|       1.000012|       0.000011|       0.000007|       1.000006|       0.000006|      -0.000006|      -0.000005|      -0.000005|       0.000017|
|             24|       0.000007|       1.000006|       0.000006|       0.000004|       1.000003|       0.000003|      -0.000003|      -0.000003|      -0.000003|       0.000009|
--------------------------------------------------------------------------------------------------------------------------------------------------------------------------------
Result iteration count is 23 and the result of calculation is (0.000004, 1.000003, 0.000003), which deviation from the root is 0.000011 and it is not less than eps = 0.000010
--------------------------------------------------------------------------------------------------------------------------------------------------------------------------------
--------------------------------------------------------------------------------------------------------------------------------
|              k|            x_k|            y_k|            z_k|      R_x^{(k)}|      R_y^{(k)}|      R_z^{(k)}|  max R_i^{(k)}|
--------------------------------------------------------------------------------------------------------------------------------
|              0|       5.000000|       9.000000|      10.000000|       1.000000|      -3.000000|      -4.333333|       4.333333|
|              1|       5.000000|       9.000000|       5.666667|      -0.444444|      -4.083333|       0.000000|       4.083333|
|              2|       5.000000|       4.916667|       5.666667|      -1.805556|       0.000000|      -2.041667|       2.041667|
|              3|       5.000000|       4.916667|       3.625000|      -2.486111|      -0.510417|       0.000000|       2.486111|
|              4|       2.513889|       4.916667|       3.625000|       0.000000|      -1.753472|      -0.828704|       1.753472|
|              5|       2.513889|       3.163194|       3.625000|      -0.584491|       0.000000|      -1.705440|       1.705440|
|              6|       2.513889|       3.163194|       1.919560|      -1.152971|      -0.426360|       0.000000|       1.152971|
|              7|       1.360918|       3.163194|       1.919560|       0.000000|      -1.002845|      -0.384324|       1.002845|
|              8|       1.360918|       2.160349|       1.919560|      -0.334282|       0.000000|      -0.885746|       0.885746|
|              9|       1.360918|       2.160349|       1.033814|      -0.629530|      -0.221437|       0.000000|       0.629530|
|             10|       0.731388|       2.160349|       1.033814|       0.000000|      -0.536202|      -0.209843|       0.536202|
|             11|       0.731388|       1.624147|       1.033814|      -0.178734|       0.000000|      -0.477944|       0.477944|
|             12|       0.731388|       1.624147|       0.555870|      -0.338049|      -0.119486|       0.000000|       0.338049|
|             13|       0.393339|       1.624147|       0.555870|       0.000000|      -0.288510|      -0.112683|       0.288510|
|             14|       0.393339|       1.335637|       0.555870|      -0.096170|       0.000000|      -0.256938|       0.256938|
|             15|       0.393339|       1.335637|       0.298931|      -0.181816|      -0.064235|       0.000000|       0.181816|
|             16|       0.211523|       1.335637|       0.298931|       0.000000|      -0.155143|      -0.060605|       0.155143|
|             17|       0.211523|       1.180494|       0.298931|      -0.051714|       0.000000|      -0.138177|       0.138177|
|             18|       0.211523|       1.180494|       0.160755|      -0.097773|      -0.034544|       0.000000|       0.097773|
|             19|       0.113750|       1.180494|       0.160755|       0.000000|      -0.083431|      -0.032591|       0.083431|
|             20|       0.113750|       1.097064|       0.160755|      -0.027810|       0.000000|      -0.074306|       0.074306|
|             21|       0.113750|       1.097064|       0.086448|      -0.052579|      -0.018577|       0.000000|       0.052579|
|             22|       0.061171|       1.097064|       0.086448|       0.000000|      -0.044866|      -0.017526|       0.044866|
|             23|       0.061171|       1.052197|       0.086448|      -0.014955|       0.000000|      -0.039959|       0.039959|
|             24|       0.061171|       1.052197|       0.046489|      -0.028275|      -0.009990|       0.000000|       0.028275|
|             25|       0.032895|       1.052197|       0.046489|       0.000000|      -0.024127|      -0.009425|       0.024127|
|             26|       0.032895|       1.028070|       0.046489|      -0.008042|       0.000000|      -0.021489|       0.021489|
|             27|       0.032895|       1.028070|       0.025000|      -0.015205|      -0.005372|       0.000000|       0.015205|
|             28|       0.017690|       1.028070|       0.025000|       0.000000|      -0.012975|      -0.005068|       0.012975|
|             29|       0.017690|       1.015095|       0.025000|      -0.004325|       0.000000|      -0.011556|       0.011556|
|             30|       0.017690|       1.015095|       0.013444|      -0.008177|      -0.002889|       0.000000|       0.008177|
|             31|       0.009513|       1.015095|       0.013444|       0.000000|      -0.006977|      -0.002726|       0.006977|
|             32|       0.009513|       1.008118|       0.013444|      -0.002326|       0.000000|      -0.006214|       0.006214|
|             33|       0.009513|       1.008118|       0.007230|      -0.004397|      -0.001554|       0.000000|       0.004397|
|             34|       0.005116|       1.008118|       0.007230|       0.000000|      -0.003752|      -0.001466|       0.003752|
|             35|       0.005116|       1.004365|       0.007230|      -0.001251|       0.000000|      -0.003342|       0.003342|
|             36|       0.005116|       1.004365|       0.003888|      -0.002365|      -0.000835|       0.000000|       0.002365|
|             37|       0.002751|       1.004365|       0.003888|       0.000000|      -0.002018|      -0.000788|       0.002018|
|             38|       0.002751|       1.002348|       0.003888|      -0.000673|       0.000000|      -0.001797|       0.001797|
|             39|       0.002751|       1.002348|       0.002091|      -0.001272|      -0.000449|       0.000000|       0.001272|
|             40|       0.001479|       1.002348|       0.002091|       0.000000|      -0.001085|      -0.000424|       0.001085|
|             41|       0.001479|       1.001262|       0.002091|      -0.000362|       0.000000|      -0.000966|       0.000966|
--------------------------------------------------------------------------------------------------------------------------------
Result iteration count is 41 and the result of calculation is (0.001479, 1.001262, 0.002091), which deviation from the root is 0.004833 and it is not less than eps = 0.001000
--------------------------------------------------------------------------------------------------------------------------------
--------------------------------------------------------------------------------------------------------------------------------
|              k|            x_k|            y_k|            z_k|      R_x^{(k)}|      R_y^{(k)}|      R_z^{(k)}|  max R_i^{(k)}|
--------------------------------------------------------------------------------------------------------------------------------
|              0|       5.000000|       9.000000|      10.000000|       1.000000|      -3.000000|      -4.333333|       4.333333|
|              1|       5.000000|       9.000000|       5.666667|      -0.444444|      -4.083333|       0.000000|       4.083333|
|              2|       5.000000|       4.916667|       5.666667|      -1.805556|       0.000000|      -2.041667|       2.041667|
|              3|       5.000000|       4.916667|       3.625000|      -2.486111|      -0.510417|       0.000000|       2.486111|
|              4|       2.513889|       4.916667|       3.625000|       0.000000|      -1.753472|      -0.828704|       1.753472|
|              5|       2.513889|       3.163194|       3.625000|      -0.584491|       0.000000|      -1.705440|       1.705440|
|              6|       2.513889|       3.163194|       1.919560|      -1.152971|      -0.426360|       0.000000|       1.152971|
|              7|       1.360918|       3.163194|       1.919560|       0.000000|      -1.002845|      -0.384324|       1.002845|
|              8|       1.360918|       2.160349|       1.919560|      -0.334282|       0.000000|      -0.885746|       0.885746|
|              9|       1.360918|       2.160349|       1.033814|      -0.629530|      -0.221437|       0.000000|       0.629530|
|             10|       0.731388|       2.160349|       1.033814|       0.000000|      -0.536202|      -0.209843|       0.536202|
|             11|       0.731388|       1.624147|       1.033814|      -0.178734|       0.000000|      -0.477944|       0.477944|
|             12|       0.731388|       1.624147|       0.555870|      -0.338049|      -0.119486|       0.000000|       0.338049|
|             13|       0.393339|       1.624147|       0.555870|       0.000000|      -0.288510|      -0.112683|       0.288510|
|             14|       0.393339|       1.335637|       0.555870|      -0.096170|       0.000000|      -0.256938|       0.256938|
|             15|       0.393339|       1.335637|       0.298931|      -0.181816|      -0.064235|       0.000000|       0.181816|
|             16|       0.211523|       1.335637|       0.298931|       0.000000|      -0.155143|      -0.060605|       0.155143|
|             17|       0.211523|       1.180494|       0.298931|      -0.051714|       0.000000|      -0.138177|       0.138177|
|             18|       0.211523|       1.180494|       0.160755|      -0.097773|      -0.034544|       0.000000|       0.097773|
|             19|       0.113750|       1.180494|       0.160755|       0.000000|      -0.083431|      -0.032591|       0.083431|
|             20|       0.113750|       1.097064|       0.160755|      -0.027810|       0.000000|      -0.074306|       0.074306|
|             21|       0.113750|       1.097064|       0.086448|      -0.052579|      -0.018577|       0.000000|       0.052579|
|             22|       0.061171|       1.097064|       0.086448|       0.000000|      -0.044866|      -0.017526|       0.044866|
|             23|       0.061171|       1.052197|       0.086448|      -0.014955|       0.000000|      -0.039959|       0.039959|
|             24|       0.061171|       1.052197|       0.046489|      -0.028275|      -0.009990|       0.000000|       0.028275|
|             25|       0.032895|       1.052197|       0.046489|       0.000000|      -0.024127|      -0.009425|       0.024127|
|             26|       0.032895|       1.028070|       0.046489|      -0.008042|       0.000000|      -0.021489|       0.021489|
|             27|       0.032895|       1.028070|       0.025000|      -0.015205|      -0.005372|       0.000000|       0.015205|
|             28|       0.017690|       1.028070|       0.025000|       0.000000|      -0.012975|      -0.005068|       0.012975|
|             29|       0.017690|       1.015095|       0.025000|      -0.004325|       0.000000|      -0.011556|       0.011556|
|             30|       0.017690|       1.015095|       0.013444|      -0.008177|      -0.002889|       0.000000|       0.008177|
|             31|       0.009513|       1.015095|       0.013444|       0.000000|      -0.006977|      -0.002726|       0.006977|
|             32|       0.009513|       1.008118|       0.013444|      -0.002326|       0.000000|      -0.006214|       0.006214|
|             33|       0.009513|       1.008118|       0.007230|      -0.004397|      -0.001554|       0.000000|       0.004397|
|             34|       0.005116|       1.008118|       0.007230|       0.000000|      -0.003752|      -0.001466|       0.003752|
|             35|       0.005116|       1.004365|       0.007230|      -0.001251|       0.000000|      -0.003342|       0.003342|
|             36|       0.005116|       1.004365|       0.003888|      -0.002365|      -0.000835|       0.000000|       0.002365|
|             37|       0.002751|       1.004365|       0.003888|       0.000000|      -0.002018|      -0.000788|       0.002018|
|             38|       0.002751|       1.002348|       0.003888|      -0.000673|       0.000000|      -0.001797|       0.001797|
|             39|       0.002751|       1.002348|       0.002091|      -0.001272|      -0.000449|       0.000000|       0.001272|
|             40|       0.001479|       1.002348|       0.002091|       0.000000|      -0.001085|      -0.000424|       0.001085|
|             41|       0.001479|       1.001262|       0.002091|      -0.000362|       0.000000|      -0.000966|       0.000966|
|             42|       0.001479|       1.001262|       0.001124|      -0.000684|      -0.000242|       0.000000|       0.000684|
|             43|       0.000796|       1.001262|       0.001124|       0.000000|      -0.000584|      -0.000228|       0.000584|
|             44|       0.000796|       1.000679|       0.001124|      -0.000195|       0.000000|      -0.000520|       0.000520|
|             45|       0.000796|       1.000679|       0.000605|      -0.000368|      -0.000130|       0.000000|       0.000368|
|             46|       0.000428|       1.000679|       0.000605|       0.000000|      -0.000314|      -0.000123|       0.000314|
|             47|       0.000428|       1.000365|       0.000605|      -0.000105|       0.000000|      -0.000279|       0.000279|
|             48|       0.000428|       1.000365|       0.000325|      -0.000198|      -0.000070|       0.000000|       0.000198|
|             49|       0.000230|       1.000365|       0.000325|       0.000000|      -0.000169|      -0.000066|       0.000169|
|             50|       0.000230|       1.000196|       0.000325|      -0.000056|       0.000000|      -0.000150|       0.000150|
|             51|       0.000230|       1.000196|       0.000175|      -0.000106|      -0.000038|       0.000000|       0.000106|
|             52|       0.000124|       1.000196|       0.000175|       0.000000|      -0.000091|      -0.000035|       0.000091|
|             53|       0.000124|       1.000106|       0.000175|      -0.000030|       0.000000|      -0.000081|       0.000081|
|             54|       0.000124|       1.000106|       0.000094|      -0.000057|      -0.000020|       0.000000|       0.000057|
|             55|       0.000067|       1.000106|       0.000094|       0.000000|      -0.000049|      -0.000019|       0.000049|
|             56|       0.000067|       1.000057|       0.000094|      -0.000016|       0.000000|      -0.000043|       0.000043|
|             57|       0.000067|       1.000057|       0.000051|      -0.000031|      -0.000011|       0.000000|       0.000031|
|             58|       0.000036|       1.000057|       0.000051|       0.000000|      -0.000026|      -0.000010|       0.000026|
|             59|       0.000036|       1.000031|       0.000051|      -0.000009|       0.000000|      -0.000023|       0.000023|
|             60|       0.000036|       1.000031|       0.000027|      -0.000017|      -0.000006|       0.000000|       0.000017|
|             61|       0.000019|       1.000031|       0.000027|       0.000000|      -0.000014|      -0.000006|       0.000014|
|             62|       0.000019|       1.000016|       0.000027|      -0.000005|       0.000000|      -0.000013|       0.000013|
|             63|       0.000019|       1.000016|       0.000015|      -0.000009|      -0.000003|       0.000000|       0.000009|
--------------------------------------------------------------------------------------------------------------------------------
Result iteration count is 63 and the result of calculation is (0.000019, 1.000016, 0.000015), which deviation from the root is 0.000050 and it is not less than eps = 0.000010
--------------------------------------------------------------------------------------------------------------------------------
