X_0 = (x_0 y_0 z_0): --------------------------------------------------------------------------------------------------------------------------------------------------------------------------------
|            k+1|            x_k|            y_k|            z_k|        x_{k+1}|        y_{k+1}|        z_{k+1}|           dx_k|           dy_k|           dz_k|            s_k|
--------------------------------------------------------------------------------------------------------------------------------------------------------------------------------
|              1|      20.000000|      25.000000|      30.000000|      18.000000|      18.500000|      18.666667|      -2.000000|      -6.500000|     -11.333333|      19.833333|
|              2|      18.000000|      18.500000|      18.666667|      12.055556|      14.666667|      14.750000|      -5.944444|      -3.833333|      -3.916667|      13.694444|
|              3|      12.055556|      14.666667|      14.750000|       9.472222|      10.715278|      10.851852|      -2.583333|      -3.951389|      -3.898148|      10.432870|
|              4|       9.472222|      10.715278|      10.851852|       6.855710|       8.449074|       8.015046|      -2.616512|      -2.266204|      -2.836806|       7.719522|
|              5|       6.855710|       8.449074|       8.015046|       5.154707|       6.431617|       6.009774|      -1.701003|      -2.017458|      -2.005273|       5.723733|
|              6|       5.154707|       6.431617|       6.009774|       3.813797|       5.079797|       4.434044|      -1.340910|      -1.351820|      -1.575730|       4.268460|
|              7|       3.813797|       5.079797|       4.434044|       2.837947|       4.015409|       3.311164|      -0.975850|      -1.064387|      -1.122880|       3.163117|
|              8|       2.837947|       4.015409|       3.311164|       2.108858|       3.246764|       2.453687|      -0.729089|      -0.768645|      -0.857477|       2.355211|
|              9|       2.108858|       3.246764|       2.453687|       1.566817|       2.667851|       1.826335|      -0.542041|      -0.578914|      -0.627352|       1.748307|
|             10|       1.566817|       2.667851|       1.826335|       1.164728|       2.239992|       1.356198|      -0.402089|      -0.427858|      -0.470137|       1.300084|
|             11|       1.164728|       2.239992|       1.356198|       0.865397|       1.921414|       1.008239|      -0.299332|      -0.318579|      -0.347959|       0.965869|
|             12|       0.865397|       1.921414|       1.008239|       0.643218|       1.684758|       0.749172|      -0.222179|      -0.236656|      -0.259067|       0.717901|
|             13|       0.643218|       1.684758|       0.749172|       0.477977|       1.508902|       0.556785|      -0.165241|      -0.175856|      -0.192388|       0.533484|
|             14|       0.477977|       1.508902|       0.556785|       0.355229|       1.378185|       0.413777|      -0.122748|      -0.130717|      -0.143008|       0.396473|
|             15|       0.355229|       1.378185|       0.413777|       0.263987|       1.281059|       0.307502|      -0.091242|      -0.097126|      -0.106275|       0.294642|
|             16|       0.263987|       1.281059|       0.307502|       0.196187|       1.208869|       0.228525|      -0.067800|      -0.072190|      -0.078977|       0.218967|
|             17|       0.196187|       1.208869|       0.228525|       0.145798|       1.155225|       0.169830|      -0.050389|      -0.053644|      -0.058695|       0.162728|
|             18|       0.145798|       1.155225|       0.169830|       0.108352|       1.115357|       0.126212|      -0.037446|      -0.039868|      -0.043618|       0.120933|
|             19|       0.108352|       1.115357|       0.126212|       0.080523|       1.085729|       0.093795|      -0.027829|      -0.029628|      -0.032416|       0.089873|
|             20|       0.080523|       1.085729|       0.093795|       0.059841|       1.063710|       0.069705|      -0.020681|      -0.022018|      -0.024090|       0.066790|
|             21|       0.059841|       1.063710|       0.069705|       0.044472|       1.047347|       0.051802|      -0.015370|      -0.016363|      -0.017903|       0.049636|
|             22|       0.044472|       1.047347|       0.051802|       0.033050|       1.035186|       0.038497|      -0.011422|      -0.012161|      -0.013305|       0.036887|
|             23|       0.033050|       1.035186|       0.038497|       0.024561|       1.026149|       0.028610|      -0.008488|      -0.009037|      -0.009888|       0.027413|
|             24|       0.024561|       1.026149|       0.028610|       0.018253|       1.019433|       0.021262|      -0.006308|      -0.006716|      -0.007348|       0.020373|
|             25|       0.018253|       1.019433|       0.021262|       0.013565|       1.014442|       0.015801|      -0.004688|      -0.004991|      -0.005461|       0.015140|
|             26|       0.013565|       1.014442|       0.015801|       0.010081|       1.010733|       0.011743|      -0.003484|      -0.003709|      -0.004058|       0.011252|
|             27|       0.010081|       1.010733|       0.011743|       0.007492|       1.007976|       0.008727|      -0.002589|      -0.002757|      -0.003016|       0.008362|
|             28|       0.007492|       1.007976|       0.008727|       0.005568|       1.005928|       0.006485|      -0.001924|      -0.002049|      -0.002241|       0.006214|
|             29|       0.005568|       1.005928|       0.006485|       0.004138|       1.004405|       0.004820|      -0.001430|      -0.001522|      -0.001666|       0.004618|
|             30|       0.004138|       1.004405|       0.004820|       0.003075|       1.003274|       0.003582|      -0.001063|      -0.001131|      -0.001238|       0.003432|
|             31|       0.003075|       1.003274|       0.003582|       0.002285|       1.002433|       0.002662|      -0.000790|      -0.000841|      -0.000920|       0.002551|
|             32|       0.002285|       1.002433|       0.002662|       0.001698|       1.001808|       0.001978|      -0.000587|      -0.000625|      -0.000684|       0.001895|
|             33|       0.001698|       1.001808|       0.001978|       0.001262|       1.001344|       0.001470|      -0.000436|      -0.000464|      -0.000508|       0.001409|
|             34|       0.001262|       1.001344|       0.001470|       0.000938|       1.000999|       0.001093|      -0.000324|      -0.000345|      -0.000378|       0.001047|
|             35|       0.000938|       1.000999|       0.001093|       0.000697|       1.000742|       0.000812|      -0.000241|      -0.000256|      -0.000281|       0.000778|
--------------------------------------------------------------------------------------------------------------------------------------------------------------------------------
Result iteration count is 34 and the result of calculation is (0.000697, 1.000742, 0.000812), which deviation from the root is 0.002251 and it is not less than eps = 0.001000
--------------------------------------------------------------------------------------------------------------------------------------------------------------------------------
--------------------------------------------------------------------------------------------------------------------------------------------------------------------------------
|            k+1|            x_k|            y_k|            z_k|        x_{k+1}|        y_{k+1}|        z_{k+1}|           dx_k|           dy_k|           dz_k|            s_k|
--------------------------------------------------------------------------------------------------------------------------------------------------------------------------------
|              1|      20.000000|      25.000000|      30.000000|      18.000000|      18.500000|      18.666667|      -2.000000|      -6.500000|     -11.333333|      19.833333|
|              2|      18.000000|      18.500000|      18.666667|      12.055556|      14.666667|      14.750000|      -5.944444|      -3.833333|      -3.916667|      13.694444|
|              3|      12.055556|      14.666667|      14.750000|       9.472222|      10.715278|      10.851852|      -2.583333|      -3.951389|      -3.898148|      10.432870|
|              4|       9.472222|      10.715278|      10.851852|       6.855710|       8.449074|       8.015046|      -2.616512|      -2.266204|      -2.836806|       7.719522|
|              5|       6.855710|       8.449074|       8.015046|       5.154707|       6.431617|       6.009774|      -1.701003|      -2.017458|      -2.005273|       5.723733|
|              6|       5.154707|       6.431617|       6.009774|       3.813797|       5.079797|       4.434044|      -1.340910|      -1.351820|      -1.575730|       4.268460|
|              7|       3.813797|       5.079797|       4.434044|       2.837947|       4.015409|       3.311164|      -0.975850|      -1.064387|      -1.122880|       3.163117|
|              8|       2.837947|       4.015409|       3.311164|       2.108858|       3.246764|       2.453687|      -0.729089|      -0.768645|      -0.857477|       2.355211|
|              9|       2.108858|       3.246764|       2.453687|       1.566817|       2.667851|       1.826335|      -0.542041|      -0.578914|      -0.627352|       1.748307|
|             10|       1.566817|       2.667851|       1.826335|       1.164728|       2.239992|       1.356198|      -0.402089|      -0.427858|      -0.470137|       1.300084|
|             11|       1.164728|       2.239992|       1.356198|       0.865397|       1.921414|       1.008239|      -0.299332|      -0.318579|      -0.347959|       0.965869|
|             12|       0.865397|       1.921414|       1.008239|       0.643218|       1.684758|       0.749172|      -0.222179|      -0.236656|      -0.259067|       0.717901|
|             13|       0.643218|       1.684758|       0.749172|       0.477977|       1.508902|       0.556785|      -0.165241|      -0.175856|      -0.192388|       0.533484|
|             14|       0.477977|       1.508902|       0.556785|       0.355229|       1.378185|       0.413777|      -0.122748|      -0.130717|      -0.143008|       0.396473|
|             15|       0.355229|       1.378185|       0.413777|       0.263987|       1.281059|       0.307502|      -0.091242|      -0.097126|      -0.106275|       0.294642|
|             16|       0.263987|       1.281059|       0.307502|       0.196187|       1.208869|       0.228525|      -0.067800|      -0.072190|      -0.078977|       0.218967|
|             17|       0.196187|       1.208869|       0.228525|       0.145798|       1.155225|       0.169830|      -0.050389|      -0.053644|      -0.058695|       0.162728|
|             18|       0.145798|       1.155225|       0.169830|       0.108352|       1.115357|       0.126212|      -0.037446|      -0.039868|      -0.043618|       0.120933|
|             19|       0.108352|       1.115357|       0.126212|       0.080523|       1.085729|       0.093795|      -0.027829|      -0.029628|      -0.032416|       0.089873|
|             20|       0.080523|       1.085729|       0.093795|       0.059841|       1.063710|       0.069705|      -0.020681|      -0.022018|      -0.024090|       0.066790|
|             21|       0.059841|       1.063710|       0.069705|       0.044472|       1.047347|       0.051802|      -0.015370|      -0.016363|      -0.017903|       0.049636|
|             22|       0.044472|       1.047347|       0.051802|       0.033050|       1.035186|       0.038497|      -0.011422|      -0.012161|      -0.013305|       0.036887|
|             23|       0.033050|       1.035186|       0.038497|       0.024561|       1.026149|       0.028610|      -0.008488|      -0.009037|      -0.009888|       0.027413|
|             24|       0.024561|       1.026149|       0.028610|       0.018253|       1.019433|       0.021262|      -0.006308|      -0.006716|      -0.007348|       0.020373|
|             25|       0.018253|       1.019433|       0.021262|       0.013565|       1.014442|       0.015801|      -0.004688|      -0.004991|      -0.005461|       0.015140|
|             26|       0.013565|       1.014442|       0.015801|       0.010081|       1.010733|       0.011743|      -0.003484|      -0.003709|      -0.004058|       0.011252|
|             27|       0.010081|       1.010733|       0.011743|       0.007492|       1.007976|       0.008727|      -0.002589|      -0.002757|      -0.003016|       0.008362|
|             28|       0.007492|       1.007976|       0.008727|       0.005568|       1.005928|       0.006485|      -0.001924|      -0.002049|      -0.002241|       0.006214|
|             29|       0.005568|       1.005928|       0.006485|       0.004138|       1.004405|       0.004820|      -0.001430|      -0.001522|      -0.001666|       0.004618|
|             30|       0.004138|       1.004405|       0.004820|       0.003075|       1.003274|       0.003582|      -0.001063|      -0.001131|      -0.001238|       0.003432|
|             31|       0.003075|       1.003274|       0.003582|       0.002285|       1.002433|       0.002662|      -0.000790|      -0.000841|      -0.000920|       0.002551|
|             32|       0.002285|       1.002433|       0.002662|       0.001698|       1.001808|       0.001978|      -0.000587|      -0.000625|      -0.000684|       0.001895|
|             33|       0.001698|       1.001808|       0.001978|       0.001262|       1.001344|       0.001470|      -0.000436|      -0.000464|      -0.000508|       0.001409|
|             34|       0.001262|       1.001344|       0.001470|       0.000938|       1.000999|       0.001093|      -0.000324|      -0.000345|      -0.000378|       0.001047|
|             35|       0.000938|       1.000999|       0.001093|       0.000697|       1.000742|       0.000812|      -0.000241|      -0.000256|      -0.000281|       0.000778|
|             36|       0.000697|       1.000742|       0.000812|       0.000518|       1.000551|       0.000603|      -0.000179|      -0.000191|      -0.000209|       0.000578|
|             37|       0.000518|       1.000551|       0.000603|       0.000385|       1.000410|       0.000448|      -0.000133|      -0.000142|      -0.000155|       0.000430|
|             38|       0.000385|       1.000410|       0.000448|       0.000286|       1.000305|       0.000333|      -0.000099|      -0.000105|      -0.000115|       0.000319|
|             39|       0.000286|       1.000305|       0.000333|       0.000213|       1.000226|       0.000248|      -0.000073|      -0.000078|      -0.000086|       0.000237|
|             40|       0.000213|       1.000226|       0.000248|       0.000158|       1.000168|       0.000184|      -0.000055|      -0.000058|      -0.000064|       0.000176|
|             41|       0.000158|       1.000168|       0.000184|       0.000117|       1.000125|       0.000137|      -0.000041|      -0.000043|      -0.000047|       0.000131|
|             42|       0.000117|       1.000125|       0.000137|       0.000087|       1.000093|       0.000102|      -0.000030|      -0.000032|      -0.000035|       0.000097|
|             43|       0.000087|       1.000093|       0.000102|       0.000065|       1.000069|       0.000076|      -0.000022|      -0.000024|      -0.000026|       0.000072|
|             44|       0.000065|       1.000069|       0.000076|       0.000048|       1.000051|       0.000056|      -0.000017|      -0.000018|      -0.000019|       0.000054|
|             45|       0.000048|       1.000051|       0.000056|       0.000036|       1.000038|       0.000042|      -0.000012|      -0.000013|      -0.000014|       0.000040|
|             46|       0.000036|       1.000038|       0.000042|       0.000027|       1.000028|       0.000031|      -0.000009|      -0.000010|      -0.000011|       0.000030|
|             47|       0.000027|       1.000028|       0.000031|       0.000020|       1.000021|       0.000023|      -0.000007|      -0.000007|      -0.000008|       0.000022|
|             48|       0.000020|       1.000021|       0.000023|       0.000015|       1.000016|       0.000017|      -0.000005|      -0.000005|      -0.000006|       0.000016|
|             49|       0.000015|       1.000016|       0.000017|       0.000011|       1.000012|       0.000013|      -0.000004|      -0.000004|      -0.000004|       0.000012|
|             50|       0.000011|       1.000012|       0.000013|       0.000008|       1.000009|       0.000009|      -0.000003|      -0.000003|      -0.000003|       0.000009|
--------------------------------------------------------------------------------------------------------------------------------------------------------------------------------
Result iteration count is 49 and the result of calculation is (0.000008, 1.000009, 0.000009), which deviation from the root is 0.000026 and it is not less than eps = 0.000010
--------------------------------------------------------------------------------------------------------------------------------------------------------------------------------
--------------------------------------------------------------------------------------------------------------------------------------------------------------------------------
|            k+1|            x_k|            y_k|            z_k|        x_{k+1}|        y_{k+1}|        z_{k+1}|           dx_k|           dy_k|           dz_k|            s_k|
--------------------------------------------------------------------------------------------------------------------------------------------------------------------------------
|              1|      20.000000|      25.000000|      30.000000|      18.000000|      18.500000|      18.666667|      -2.000000|      -6.500000|     -11.333333|      19.833333|
|              2|      18.000000|      18.500000|      18.666667|      12.055556|      14.666667|      14.750000|      -5.944444|      -3.833333|      -3.916667|      13.694444|
|              3|      12.055556|      14.666667|      14.750000|       9.472222|      10.715278|      10.851852|      -2.583333|      -3.951389|      -3.898148|      10.432870|
|              4|       9.472222|      10.715278|      10.851852|       6.855710|       8.449074|       8.015046|      -2.616512|      -2.266204|      -2.836806|       7.719522|
|              5|       6.855710|       8.449074|       8.015046|       5.154707|       6.431617|       6.009774|      -1.701003|      -2.017458|      -2.005273|       5.723733|
|              6|       5.154707|       6.431617|       6.009774|       3.813797|       5.079797|       4.434044|      -1.340910|      -1.351820|      -1.575730|       4.268460|
|              7|       3.813797|       5.079797|       4.434044|       2.837947|       4.015409|       3.311164|      -0.975850|      -1.064387|      -1.122880|       3.163117|
|              8|       2.837947|       4.015409|       3.311164|       2.108858|       3.246764|       2.453687|      -0.729089|      -0.768645|      -0.857477|       2.355211|
|              9|       2.108858|       3.246764|       2.453687|       1.566817|       2.667851|       1.826335|      -0.542041|      -0.578914|      -0.627352|       1.748307|
|             10|       1.566817|       2.667851|       1.826335|       1.164728|       2.239992|       1.356198|      -0.402089|      -0.427858|      -0.470137|       1.300084|
|             11|       1.164728|       2.239992|       1.356198|       0.865397|       1.921414|       1.008239|      -0.299332|      -0.318579|      -0.347959|       0.965869|
|             12|       0.865397|       1.921414|       1.008239|       0.643218|       1.684758|       0.749172|      -0.222179|      -0.236656|      -0.259067|       0.717901|
|             13|       0.643218|       1.684758|       0.749172|       0.477977|       1.508902|       0.556785|      -0.165241|      -0.175856|      -0.192388|       0.533484|
|             14|       0.477977|       1.508902|       0.556785|       0.355229|       1.378185|       0.413777|      -0.122748|      -0.130717|      -0.143008|       0.396473|
|             15|       0.355229|       1.378185|       0.413777|       0.263987|       1.281059|       0.307502|      -0.091242|      -0.097126|      -0.106275|       0.294642|
|             16|       0.263987|       1.281059|       0.307502|       0.196187|       1.208869|       0.228525|      -0.067800|      -0.072190|      -0.078977|       0.218967|
|             17|       0.196187|       1.208869|       0.228525|       0.145798|       1.155225|       0.169830|      -0.050389|      -0.053644|      -0.058695|       0.162728|
|             18|       0.145798|       1.155225|       0.169830|       0.108352|       1.115357|       0.126212|      -0.037446|      -0.039868|      -0.043618|       0.120933|
|             19|       0.108352|       1.115357|       0.126212|       0.080523|       1.085729|       0.093795|      -0.027829|      -0.029628|      -0.032416|       0.089873|
|             20|       0.080523|       1.085729|       0.093795|       0.059841|       1.063710|       0.069705|      -0.020681|      -0.022018|      -0.024090|       0.066790|
|             21|       0.059841|       1.063710|       0.069705|       0.044472|       1.047347|       0.051802|      -0.015370|      -0.016363|      -0.017903|       0.049636|
|             22|       0.044472|       1.047347|       0.051802|       0.033050|       1.035186|       0.038497|      -0.011422|      -0.012161|      -0.013305|       0.036887|
|             23|       0.033050|       1.035186|       0.038497|       0.024561|       1.026149|       0.028610|      -0.008488|      -0.009037|      -0.009888|       0.027413|
|             24|       0.024561|       1.026149|       0.028610|       0.018253|       1.019433|       0.021262|      -0.006308|      -0.006716|      -0.007348|       0.020373|
|             25|       0.018253|       1.019433|       0.021262|       0.013565|       1.014442|       0.015801|      -0.004688|      -0.004991|      -0.005461|       0.015140|
|             26|       0.013565|       1.014442|       0.015801|       0.010081|       1.010733|       0.011743|      -0.003484|      -0.003709|      -0.004058|       0.011252|
|             27|       0.010081|       1.010733|       0.011743|       0.007492|       1.007976|       0.008727|      -0.002589|      -0.002757|      -0.003016|       0.008362|
|             28|       0.007492|       1.007976|       0.008727|       0.005568|       1.005928|       0.006485|      -0.001924|      -0.002049|      -0.002241|       0.006214|
|             29|       0.005568|       1.005928|       0.006485|       0.004138|       1.004405|       0.004820|      -0.001430|      -0.001522|      -0.001666|       0.004618|
|             30|       0.004138|       1.004405|       0.004820|       0.003075|       1.003274|       0.003582|      -0.001063|      -0.001131|      -0.001238|       0.003432|
|             31|       0.003075|       1.003274|       0.003582|       0.002285|       1.002433|       0.002662|      -0.000790|      -0.000841|      -0.000920|       0.002551|
|             32|       0.002285|       1.002433|       0.002662|       0.001698|       1.001808|       0.001978|      -0.000587|      -0.000625|      -0.000684|       0.001895|
|             33|       0.001698|       1.001808|       0.001978|       0.001262|       1.001344|       0.001470|      -0.000436|      -0.000464|      -0.000508|       0.001409|
|             34|       0.001262|       1.001344|       0.001470|       0.000938|       1.000999|       0.001093|      -0.000324|      -0.000345|      -0.000378|       0.001047|
|             35|       0.000938|       1.000999|       0.001093|       0.000697|       1.000742|       0.000812|      -0.000241|      -0.000256|      -0.000281|       0.000778|
|             36|       0.000697|       1.000742|       0.000812|       0.000518|       1.000551|       0.000603|      -0.000179|      -0.000191|      -0.000209|       0.000578|
|             37|       0.000518|       1.000551|       0.000603|       0.000385|       1.000410|       0.000448|      -0.000133|      -0.000142|      -0.000155|       0.000430|
|             38|       0.000385|       1.000410|       0.000448|       0.000286|       1.000305|       0.000333|      -0.000099|      -0.000105|      -0.000115|       0.000319|
|             39|       0.000286|       1.000305|       0.000333|       0.000213|       1.000226|       0.000248|      -0.000073|      -0.000078|      -0.000086|       0.000237|
|             40|       0.000213|       1.000226|       0.000248|       0.000158|       1.000168|       0.000184|      -0.000055|      -0.000058|      -0.000064|       0.000176|
--------------------------------------------------------------------------------------------------------------------------------------------------------------------------------
Result iteration count is 39 and the result of calculation is (0.000158, 1.000168, 0.000184), which deviation from the root is 0.000510 and it is less than eps = 0.001000
--------------------------------------------------------------------------------------------------------------------------------------------------------------------------------
--------------------------------------------------------------------------------------------------------------------------------------------------------------------------------
|            k+1|            x_k|            y_k|            z_k|        x_{k+1}|        y_{k+1}|        z_{k+1}|           dx_k|           dy_k|           dz_k|            s_k|
--------------------------------------------------------------------------------------------------------------------------------------------------------------------------------
|              1|      20.000000|      25.000000|      30.000000|      18.000000|      18.500000|      18.666667|      -2.000000|      -6.500000|     -11.333333|      19.833333|
|              2|      18.000000|      18.500000|      18.666667|      12.055556|      14.666667|      14.750000|      -5.944444|      -3.833333|      -3.916667|      13.694444|
|              3|      12.055556|      14.666667|      14.750000|       9.472222|      10.715278|      10.851852|      -2.583333|      -3.951389|      -3.898148|      10.432870|
|              4|       9.472222|      10.715278|      10.851852|       6.855710|       8.449074|       8.015046|      -2.616512|      -2.266204|      -2.836806|       7.719522|
|              5|       6.855710|       8.449074|       8.015046|       5.154707|       6.431617|       6.009774|      -1.701003|      -2.017458|      -2.005273|       5.723733|
|              6|       5.154707|       6.431617|       6.009774|       3.813797|       5.079797|       4.434044|      -1.340910|      -1.351820|      -1.575730|       4.268460|
|              7|       3.813797|       5.079797|       4.434044|       2.837947|       4.015409|       3.311164|      -0.975850|      -1.064387|      -1.122880|       3.163117|
|              8|       2.837947|       4.015409|       3.311164|       2.108858|       3.246764|       2.453687|      -0.729089|      -0.768645|      -0.857477|       2.355211|
|              9|       2.108858|       3.246764|       2.453687|       1.566817|       2.667851|       1.826335|      -0.542041|      -0.578914|      -0.627352|       1.748307|
|             10|       1.566817|       2.667851|       1.826335|       1.164728|       2.239992|       1.356198|      -0.402089|      -0.427858|      -0.470137|       1.300084|
|             11|       1.164728|       2.239992|       1.356198|       0.865397|       1.921414|       1.008239|      -0.299332|      -0.318579|      -0.347959|       0.965869|
|             12|       0.865397|       1.921414|       1.008239|       0.643218|       1.684758|       0.749172|      -0.222179|      -0.236656|      -0.259067|       0.717901|
|             13|       0.643218|       1.684758|       0.749172|       0.477977|       1.508902|       0.556785|      -0.165241|      -0.175856|      -0.192388|       0.533484|
|             14|       0.477977|       1.508902|       0.556785|       0.355229|       1.378185|       0.413777|      -0.122748|      -0.130717|      -0.143008|       0.396473|
|             15|       0.355229|       1.378185|       0.413777|       0.263987|       1.281059|       0.307502|      -0.091242|      -0.097126|      -0.106275|       0.294642|
|             16|       0.263987|       1.281059|       0.307502|       0.196187|       1.208869|       0.228525|      -0.067800|      -0.072190|      -0.078977|       0.218967|
|             17|       0.196187|       1.208869|       0.228525|       0.145798|       1.155225|       0.169830|      -0.050389|      -0.053644|      -0.058695|       0.162728|
|             18|       0.145798|       1.155225|       0.169830|       0.108352|       1.115357|       0.126212|      -0.037446|      -0.039868|      -0.043618|       0.120933|
|             19|       0.108352|       1.115357|       0.126212|       0.080523|       1.085729|       0.093795|      -0.027829|      -0.029628|      -0.032416|       0.089873|
|             20|       0.080523|       1.085729|       0.093795|       0.059841|       1.063710|       0.069705|      -0.020681|      -0.022018|      -0.024090|       0.066790|
|             21|       0.059841|       1.063710|       0.069705|       0.044472|       1.047347|       0.051802|      -0.015370|      -0.016363|      -0.017903|       0.049636|
|             22|       0.044472|       1.047347|       0.051802|       0.033050|       1.035186|       0.038497|      -0.011422|      -0.012161|      -0.013305|       0.036887|
|             23|       0.033050|       1.035186|       0.038497|       0.024561|       1.026149|       0.028610|      -0.008488|      -0.009037|      -0.009888|       0.027413|
|             24|       0.024561|       1.026149|       0.028610|       0.018253|       1.019433|       0.021262|      -0.006308|      -0.006716|      -0.007348|       0.020373|
|             25|       0.018253|       1.019433|       0.021262|       0.013565|       1.014442|       0.015801|      -0.004688|      -0.004991|      -0.005461|       0.015140|
|             26|       0.013565|       1.014442|       0.015801|       0.010081|       1.010733|       0.011743|      -0.003484|      -0.003709|      -0.004058|       0.011252|
|             27|       0.010081|       1.010733|       0.011743|       0.007492|       1.007976|       0.008727|      -0.002589|      -0.002757|      -0.003016|       0.008362|
|             28|       0.007492|       1.007976|       0.008727|       0.005568|       1.005928|       0.006485|      -0.001924|      -0.002049|      -0.002241|       0.006214|
|             29|       0.005568|       1.005928|       0.006485|       0.004138|       1.004405|       0.004820|      -0.001430|      -0.001522|      -0.001666|       0.004618|
|             30|       0.004138|       1.004405|       0.004820|       0.003075|       1.003274|       0.003582|      -0.001063|      -0.001131|      -0.001238|       0.003432|
|             31|       0.003075|       1.003274|       0.003582|       0.002285|       1.002433|       0.002662|      -0.000790|      -0.000841|      -0.000920|       0.002551|
|             32|       0.002285|       1.002433|       0.002662|       0.001698|       1.001808|       0.001978|      -0.000587|      -0.000625|      -0.000684|       0.001895|
|             33|       0.001698|       1.001808|       0.001978|       0.001262|       1.001344|       0.001470|      -0.000436|      -0.000464|      -0.000508|       0.001409|
|             34|       0.001262|       1.001344|       0.001470|       0.000938|       1.000999|       0.001093|      -0.000324|      -0.000345|      -0.000378|       0.001047|
|             35|       0.000938|       1.000999|       0.001093|       0.000697|       1.000742|       0.000812|      -0.000241|      -0.000256|      -0.000281|       0.000778|
|             36|       0.000697|       1.000742|       0.000812|       0.000518|       1.000551|       0.000603|      -0.000179|      -0.000191|      -0.000209|       0.000578|
|             37|       0.000518|       1.000551|       0.000603|       0.000385|       1.000410|       0.000448|      -0.000133|      -0.000142|      -0.000155|       0.000430|
|             38|       0.000385|       1.000410|       0.000448|       0.000286|       1.000305|       0.000333|      -0.000099|      -0.000105|      -0.000115|       0.000319|
|             39|       0.000286|       1.000305|       0.000333|       0.000213|       1.000226|       0.000248|      -0.000073|      -0.000078|      -0.000086|       0.000237|
|             40|       0.000213|       1.000226|       0.000248|       0.000158|       1.000168|       0.000184|      -0.000055|      -0.000058|      -0.000064|       0.000176|
|             41|       0.000158|       1.000168|       0.000184|       0.000117|       1.000125|       0.000137|      -0.000041|      -0.000043|      -0.000047|       0.000131|
|             42|       0.000117|       1.000125|       0.000137|       0.000087|       1.000093|       0.000102|      -0.000030|      -0.000032|      -0.000035|       0.000097|
|             43|       0.000087|       1.000093|       0.000102|       0.000065|       1.000069|       0.000076|      -0.000022|      -0.000024|      -0.000026|       0.000072|
|             44|       0.000065|       1.000069|       0.000076|       0.000048|       1.000051|       0.000056|      -0.000017|      -0.000018|      -0.000019|       0.000054|
|             45|       0.000048|       1.000051|       0.000056|       0.000036|       1.000038|       0.000042|      -0.000012|      -0.000013|      -0.000014|       0.000040|
|             46|       0.000036|       1.000038|       0.000042|       0.000027|       1.000028|       0.000031|      -0.000009|      -0.000010|      -0.000011|       0.000030|
|             47|       0.000027|       1.000028|       0.000031|       0.000020|       1.000021|       0.000023|      -0.000007|      -0.000007|      -0.000008|       0.000022|
|             48|       0.000020|       1.000021|       0.000023|       0.000015|       1.000016|       0.000017|      -0.000005|      -0.000005|      -0.000006|       0.000016|
|             49|       0.000015|       1.000016|       0.000017|       0.000011|       1.000012|       0.000013|      -0.000004|      -0.000004|      -0.000004|       0.000012|
|             50|       0.000011|       1.000012|       0.000013|       0.000008|       1.000009|       0.000009|      -0.000003|      -0.000003|      -0.000003|       0.000009|
|             51|       0.000008|       1.000009|       0.000009|       0.000006|       1.000006|       0.000007|      -0.000002|      -0.000002|      -0.000002|       0.000007|
|             52|       0.000006|       1.000006|       0.000007|       0.000004|       1.000005|       0.000005|      -0.000002|      -0.000002|      -0.000002|       0.000005|
|             53|       0.000004|       1.000005|       0.000005|       0.000003|       1.000004|       0.000004|      -0.000001|      -0.000001|      -0.000001|       0.000004|
|             54|       0.000003|       1.000004|       0.000004|       0.000002|       1.000003|       0.000003|      -0.000001|      -0.000001|      -0.000001|       0.000003|
|             55|       0.000002|       1.000003|       0.000003|       0.000002|       1.000002|       0.000002|      -0.000001|      -0.000001|      -0.000001|       0.000002|
|             56|       0.000002|       1.000002|       0.000002|       0.000001|       1.000001|       0.000002|      -0.000000|      -0.000001|      -0.000001|       0.000002|
--------------------------------------------------------------------------------------------------------------------------------------------------------------------------------
Result iteration count is 55 and the result of calculation is (0.000001, 1.000001, 0.000002), which deviation from the root is 0.000004 and it is less than eps = 0.000010
--------------------------------------------------------------------------------------------------------------------------------------------------------------------------------
--------------------------------------------------------------------------------------------------------------------------------------------------------------------------------
|            k+1|            x_k|            y_k|            z_k|        x_{k+1}|        y_{k+1}|        z_{k+1}|           dx_k|           dy_k|           dz_k|            s_k|
--------------------------------------------------------------------------------------------------------------------------------------------------------------------------------
|              1|      20.000000|      25.000000|      30.000000|      18.000000|      17.500000|      14.250000|      -2.000000|      -7.500000|     -15.750000|      25.250000|
|              2|      18.000000|      17.500000|      14.250000|      10.250000|       9.687500|       7.760417|      -7.750000|      -7.812500|      -6.489583|      22.052083|
|              3|      10.250000|       9.687500|       7.760417|       5.482639|       5.681424|       4.168258|      -4.767361|      -4.006076|      -3.592159|      12.365596|
|              4|       5.482639|       5.681424|       4.168258|       2.949894|       3.517011|       2.241804|      -2.532745|      -2.164412|      -1.926454|       6.623612|
|              5|       2.949894|       3.517011|       2.241804|       1.586272|       2.353587|       1.205551|      -1.363622|      -1.163425|      -1.036253|       3.563300|
|              6|       1.586272|       2.353587|       1.205551|       0.853046|       1.727911|       0.648304|      -0.733226|      -0.625676|      -0.557247|       1.916149|
|              7|       0.853046|       1.727911|       0.648304|       0.458738|       1.391445|       0.348635|      -0.394308|      -0.336466|      -0.299669|       1.030442|
|              8|       0.458738|       1.391445|       0.348635|       0.246693|       1.210506|       0.187484|      -0.212045|      -0.180940|      -0.161151|       0.554136|
|              9|       0.246693|       1.210506|       0.187484|       0.132663|       1.113203|       0.100822|      -0.114030|      -0.097303|      -0.086662|       0.297995|
|             10|       0.132663|       1.113203|       0.100822|       0.071342|       1.060876|       0.054219|      -0.061322|      -0.052326|      -0.046604|       0.160251|
|             11|       0.071342|       1.060876|       0.054219|       0.038365|       1.032737|       0.029157|      -0.032977|      -0.028139|      -0.025062|       0.086178|
|             12|       0.038365|       1.032737|       0.029157|       0.020631|       1.017605|       0.015680|      -0.017734|      -0.015132|      -0.013477|       0.046343|
|             13|       0.020631|       1.017605|       0.015680|       0.011095|       1.009467|       0.008432|      -0.009537|      -0.008138|      -0.007248|       0.024922|
|             14|       0.011095|       1.009467|       0.008432|       0.005966|       1.005091|       0.004534|      -0.005128|      -0.004376|      -0.003898|       0.013402|
|             15|       0.005966|       1.005091|       0.004534|       0.003209|       1.002738|       0.002438|      -0.002758|      -0.002353|      -0.002096|       0.007207|
|             16|       0.003209|       1.002738|       0.002438|       0.001725|       1.001472|       0.001311|      -0.001483|      -0.001266|      -0.001127|       0.003876|
|             17|       0.001725|       1.001472|       0.001311|       0.000928|       1.000792|       0.000705|      -0.000798|      -0.000681|      -0.000606|       0.002084|
|             18|       0.000928|       1.000792|       0.000705|       0.000499|       1.000426|       0.000379|      -0.000429|      -0.000366|      -0.000326|       0.001121|
|             19|       0.000499|       1.000426|       0.000379|       0.000268|       1.000229|       0.000204|      -0.000231|      -0.000197|      -0.000175|       0.000603|
--------------------------------------------------------------------------------------------------------------------------------------------------------------------------------
Result iteration count is 18 and the result of calculation is (0.000268, 1.000229, 0.000204), which deviation from the root is 0.000701 and it is less than eps = 0.001000
--------------------------------------------------------------------------------------------------------------------------------------------------------------------------------
--------------------------------------------------------------------------------------------------------------------------------------------------------------------------------
|            k+1|            x_k|            y_k|            z_k|        x_{k+1}|        y_{k+1}|        z_{k+1}|           dx_k|           dy_k|           dz_k|            s_k|
--------------------------------------------------------------------------------------------------------------------------------------------------------------------------------
|              1|      20.000000|      25.000000|      30.000000|      18.000000|      17.500000|      14.250000|      -2.000000|      -7.500000|     -15.750000|      25.250000|
|              2|      18.000000|      17.500000|      14.250000|      10.250000|       9.687500|       7.760417|      -7.750000|      -7.812500|      -6.489583|      22.052083|
|              3|      10.250000|       9.687500|       7.760417|       5.482639|       5.681424|       4.168258|      -4.767361|      -4.006076|      -3.592159|      12.365596|
|              4|       5.482639|       5.681424|       4.168258|       2.949894|       3.517011|       2.241804|      -2.532745|      -2.164412|      -1.926454|       6.623612|
|              5|       2.949894|       3.517011|       2.241804|       1.586272|       2.353587|       1.205551|      -1.363622|      -1.163425|      -1.036253|       3.563300|
|              6|       1.586272|       2.353587|       1.205551|       0.853046|       1.727911|       0.648304|      -0.733226|      -0.625676|      -0.557247|       1.916149|
|              7|       0.853046|       1.727911|       0.648304|       0.458738|       1.391445|       0.348635|      -0.394308|      -0.336466|      -0.299669|       1.030442|
|              8|       0.458738|       1.391445|       0.348635|       0.246693|       1.210506|       0.187484|      -0.212045|      -0.180940|      -0.161151|       0.554136|
|              9|       0.246693|       1.210506|       0.187484|       0.132663|       1.113203|       0.100822|      -0.114030|      -0.097303|      -0.086662|       0.297995|
|             10|       0.132663|       1.113203|       0.100822|       0.071342|       1.060876|       0.054219|      -0.061322|      -0.052326|      -0.046604|       0.160251|
|             11|       0.071342|       1.060876|       0.054219|       0.038365|       1.032737|       0.029157|      -0.032977|      -0.028139|      -0.025062|       0.086178|
|             12|       0.038365|       1.032737|       0.029157|       0.020631|       1.017605|       0.015680|      -0.017734|      -0.015132|      -0.013477|       0.046343|
|             13|       0.020631|       1.017605|       0.015680|       0.011095|       1.009467|       0.008432|      -0.009537|      -0.008138|      -0.007248|       0.024922|
|             14|       0.011095|       1.009467|       0.008432|       0.005966|       1.005091|       0.004534|      -0.005128|      -0.004376|      -0.003898|       0.013402|
|             15|       0.005966|       1.005091|       0.004534|       0.003209|       1.002738|       0.002438|      -0.002758|      -0.002353|      -0.002096|       0.007207|
|             16|       0.003209|       1.002738|       0.002438|       0.001725|       1.001472|       0.001311|      -0.001483|      -0.001266|      -0.001127|       0.003876|
|             17|       0.001725|       1.001472|       0.001311|       0.000928|       1.000792|       0.000705|      -0.000798|      -0.000681|      -0.000606|       0.002084|
|             18|       0.000928|       1.000792|       0.000705|       0.000499|       1.000426|       0.000379|      -0.000429|      -0.000366|      -0.000326|       0.001121|
|             19|       0.000499|       1.000426|       0.000379|       0.000268|       1.000229|       0.000204|      -0.000231|      -0.000197|      -0.000175|       0.000603|
|             20|       0.000268|       1.000229|       0.000204|       0.000144|       1.000123|       0.000110|      -0.000124|      -0.000106|      -0.000094|       0.000324|
|             21|       0.000144|       1.000123|       0.000110|       0.000078|       1.000066|       0.000059|      -0.000067|      -0.000057|      -0.000051|       0.000174|
|             22|       0.000078|       1.000066|       0.000059|       0.000042|       1.000036|       0.000032|      -0.000036|      -0.000031|      -0.000027|       0.000094|
|             23|       0.000042|       1.000036|       0.000032|       0.000022|       1.000019|       0.000017|      -0.000019|      -0.000016|      -0.000015|       0.000050|
|             24|       0.000022|       1.000019|       0.000017|       0.000012|       1.000010|       0.000009|      -0.000010|      -0.000009|      -0.000008|       0.000027|
|             25|       0.000012|       1.000010|       0.000009|       0.000006|       1.000006|       0.000005|      -0.000006|      -0.000005|      -0.000004|       0.000015|
|             26|       0.000006|       1.000006|       0.000005|       0.000003|       1.000003|       0.000003|      -0.000003|      -0.000003|      -0.000002|       0.000008|
--------------------------------------------------------------------------------------------------------------------------------------------------------------------------------
Result iteration count is 25 and the result of calculation is (0.000003, 1.000003, 0.000003), which deviation from the root is 0.000009 and it is less than eps = 0.000010
--------------------------------------------------------------------------------------------------------------------------------------------------------------------------------
--------------------------------------------------------------------------------------------------------------------------------
|              k|            x_k|            y_k|            z_k|      R_x^{(k)}|      R_y^{(k)}|      R_z^{(k)}|  max R_i^{(k)}|
--------------------------------------------------------------------------------------------------------------------------------
|              0|      20.000000|      25.000000|      30.000000|      -2.000000|      -6.500000|     -11.333333|      11.333333|
|              1|      20.000000|      25.000000|      18.666667|      -5.777778|      -9.333333|       0.000000|       9.333333|
|              2|      20.000000|      15.666667|      18.666667|      -8.888889|       0.000000|      -4.666667|       8.888889|
|              3|      11.111111|      15.666667|      18.666667|       0.000000|      -4.444444|      -7.629630|       7.629630|
|              4|      11.111111|      15.666667|      11.037037|      -2.543210|      -6.351852|       0.000000|       6.351852|
|              5|      11.111111|       9.314815|      11.037037|      -4.660494|       0.000000|      -3.175926|       4.660494|
|              6|       6.450617|       9.314815|      11.037037|       0.000000|      -2.330247|      -4.729424|       4.729424|
|              7|       6.450617|       9.314815|       6.307613|      -1.576475|      -3.512603|       0.000000|       3.512603|
|              8|       6.450617|       5.802212|       6.307613|      -2.747342|       0.000000|      -1.756301|       2.747342|
|              9|       3.703275|       5.802212|       6.307613|       0.000000|      -1.373671|      -2.672082|       2.672082|
|             10|       3.703275|       5.802212|       3.635531|      -0.890694|      -2.041692|       0.000000|       2.041692|
|             11|       3.703275|       3.760520|       3.635531|      -1.571258|       0.000000|      -1.020846|       1.571258|
|             12|       2.132017|       3.760520|       3.635531|       0.000000|      -0.785629|      -1.544598|       1.544598|
|             13|       2.132017|       3.760520|       2.090932|      -0.514866|      -1.171779|       0.000000|       1.171779|
|             14|       2.132017|       2.588742|       2.090932|      -0.905459|       0.000000|      -0.585889|       0.905459|
|             15|       1.226558|       2.588742|       2.090932|       0.000000|      -0.452730|      -0.887709|       0.887709|
|             16|       1.226558|       2.588742|       1.203224|      -0.295903|      -0.674657|       0.000000|       0.674657|
|             17|       1.226558|       1.914085|       1.203224|      -0.520789|       0.000000|      -0.337328|       0.520789|
|             18|       0.705769|       1.914085|       1.203224|       0.000000|      -0.260394|      -0.510925|       0.510925|
|             19|       0.705769|       1.914085|       0.692299|      -0.170308|      -0.388125|       0.000000|       0.388125|
|             20|       0.705769|       1.525959|       0.692299|      -0.299683|       0.000000|      -0.194063|       0.299683|
|             21|       0.406086|       1.525959|       0.692299|       0.000000|      -0.149842|      -0.293957|       0.293957|
|             22|       0.406086|       1.525959|       0.398342|      -0.097986|      -0.223331|       0.000000|       0.223331|
|             23|       0.406086|       1.302629|       0.398342|      -0.172429|       0.000000|      -0.111665|       0.172429|
|             24|       0.233657|       1.302629|       0.398342|       0.000000|      -0.086215|      -0.169142|       0.169142|
|             25|       0.233657|       1.302629|       0.229200|      -0.056381|      -0.128500|       0.000000|       0.128500|
|             26|       0.233657|       1.174128|       0.229200|      -0.099214|       0.000000|      -0.064250|       0.099214|
|             27|       0.134443|       1.174128|       0.229200|       0.000000|      -0.049607|      -0.097321|       0.097321|
|             28|       0.134443|       1.174128|       0.131878|      -0.032440|      -0.073937|       0.000000|       0.073937|
|             29|       0.134443|       1.100191|       0.131878|      -0.057086|       0.000000|      -0.036969|       0.057086|
|             30|       0.077356|       1.100191|       0.131878|       0.000000|      -0.028543|      -0.055997|       0.055997|
|             31|       0.077356|       1.100191|       0.075881|      -0.018666|      -0.042542|       0.000000|       0.042542|
|             32|       0.077356|       1.057648|       0.075881|      -0.032847|       0.000000|      -0.021271|       0.032847|
|             33|       0.044510|       1.057648|       0.075881|       0.000000|      -0.016423|      -0.032220|       0.032220|
|             34|       0.044510|       1.057648|       0.043661|      -0.010740|      -0.024478|       0.000000|       0.024478|
|             35|       0.044510|       1.033170|       0.043661|      -0.018899|       0.000000|      -0.012239|       0.018899|
|             36|       0.025610|       1.033170|       0.043661|       0.000000|      -0.009450|      -0.018539|       0.018539|
|             37|       0.025610|       1.033170|       0.025122|      -0.006180|      -0.014084|       0.000000|       0.014084|
|             38|       0.025610|       1.019086|       0.025122|      -0.010875|       0.000000|      -0.007042|       0.010875|
|             39|       0.014736|       1.019086|       0.025122|       0.000000|      -0.005437|      -0.010667|       0.010667|
|             40|       0.014736|       1.019086|       0.014455|      -0.003556|      -0.008104|       0.000000|       0.008104|
|             41|       0.014736|       1.010982|       0.014455|      -0.006257|       0.000000|      -0.004052|       0.006257|
|             42|       0.008479|       1.010982|       0.014455|       0.000000|      -0.003129|      -0.006138|       0.006138|
|             43|       0.008479|       1.010982|       0.008317|      -0.002046|      -0.004663|       0.000000|       0.004663|
|             44|       0.008479|       1.006319|       0.008317|      -0.003600|       0.000000|      -0.002331|       0.003600|
|             45|       0.004879|       1.006319|       0.008317|       0.000000|      -0.001800|      -0.003532|       0.003532|
|             46|       0.004879|       1.006319|       0.004786|      -0.001177|      -0.002683|       0.000000|       0.002683|
|             47|       0.004879|       1.003636|       0.004786|      -0.002072|       0.000000|      -0.001341|       0.002072|
|             48|       0.002807|       1.003636|       0.004786|       0.000000|      -0.001036|      -0.002032|       0.002032|
|             49|       0.002807|       1.003636|       0.002754|      -0.000677|      -0.001544|       0.000000|       0.001544|
|             50|       0.002807|       1.002092|       0.002754|      -0.001192|       0.000000|      -0.000772|       0.001192|
|             51|       0.001615|       1.002092|       0.002754|       0.000000|      -0.000596|      -0.001169|       0.001169|
|             52|       0.001615|       1.002092|       0.001584|      -0.000390|      -0.000888|       0.000000|       0.000888|
--------------------------------------------------------------------------------------------------------------------------------
Result iteration count is 52 and the result of calculation is (0.001615, 1.002092, 0.001584), which deviation from the root is 0.005291 and it is not less than eps = 0.001000
--------------------------------------------------------------------------------------------------------------------------------
--------------------------------------------------------------------------------------------------------------------------------
|              k|            x_k|            y_k|            z_k|      R_x^{(k)}|      R_y^{(k)}|      R_z^{(k)}|  max R_i^{(k)}|
--------------------------------------------------------------------------------------------------------------------------------
|              0|      20.000000|      25.000000|      30.000000|      -2.000000|      -6.500000|     -11.333333|      11.333333|
|              1|      20.000000|      25.000000|      18.666667|      -5.777778|      -9.333333|       0.000000|       9.333333|
|              2|      20.000000|      15.666667|      18.666667|      -8.888889|       0.000000|      -4.666667|       8.888889|
|              3|      11.111111|      15.666667|      18.666667|       0.000000|      -4.444444|      -7.629630|       7.629630|
|              4|      11.111111|      15.666667|      11.037037|      -2.543210|      -6.351852|       0.000000|       6.351852|
|              5|      11.111111|       9.314815|      11.037037|      -4.660494|       0.000000|      -3.175926|       4.660494|
|              6|       6.450617|       9.314815|      11.037037|       0.000000|      -2.330247|      -4.729424|       4.729424|
|              7|       6.450617|       9.314815|       6.307613|      -1.576475|      -3.512603|       0.000000|       3.512603|
|              8|       6.450617|       5.802212|       6.307613|      -2.747342|       0.000000|      -1.756301|       2.747342|
|              9|       3.703275|       5.802212|       6.307613|       0.000000|      -1.373671|      -2.672082|       2.672082|
|             10|       3.703275|       5.802212|       3.635531|      -0.890694|      -2.041692|       0.000000|       2.041692|
|             11|       3.703275|       3.760520|       3.635531|      -1.571258|       0.000000|      -1.020846|       1.571258|
|             12|       2.132017|       3.760520|       3.635531|       0.000000|      -0.785629|      -1.544598|       1.544598|
|             13|       2.132017|       3.760520|       2.090932|      -0.514866|      -1.171779|       0.000000|       1.171779|
|             14|       2.132017|       2.588742|       2.090932|      -0.905459|       0.000000|      -0.585889|       0.905459|
|             15|       1.226558|       2.588742|       2.090932|       0.000000|      -0.452730|      -0.887709|       0.887709|
|             16|       1.226558|       2.588742|       1.203224|      -0.295903|      -0.674657|       0.000000|       0.674657|
|             17|       1.226558|       1.914085|       1.203224|      -0.520789|       0.000000|      -0.337328|       0.520789|
|             18|       0.705769|       1.914085|       1.203224|       0.000000|      -0.260394|      -0.510925|       0.510925|
|             19|       0.705769|       1.914085|       0.692299|      -0.170308|      -0.388125|       0.000000|       0.388125|
|             20|       0.705769|       1.525959|       0.692299|      -0.299683|       0.000000|      -0.194063|       0.299683|
|             21|       0.406086|       1.525959|       0.692299|       0.000000|      -0.149842|      -0.293957|       0.293957|
|             22|       0.406086|       1.525959|       0.398342|      -0.097986|      -0.223331|       0.000000|       0.223331|
|             23|       0.406086|       1.302629|       0.398342|      -0.172429|       0.000000|      -0.111665|       0.172429|
|             24|       0.233657|       1.302629|       0.398342|       0.000000|      -0.086215|      -0.169142|       0.169142|
|             25|       0.233657|       1.302629|       0.229200|      -0.056381|      -0.128500|       0.000000|       0.128500|
|             26|       0.233657|       1.174128|       0.229200|      -0.099214|       0.000000|      -0.064250|       0.099214|
|             27|       0.134443|       1.174128|       0.229200|       0.000000|      -0.049607|      -0.097321|       0.097321|
|             28|       0.134443|       1.174128|       0.131878|      -0.032440|      -0.073937|       0.000000|       0.073937|
|             29|       0.134443|       1.100191|       0.131878|      -0.057086|       0.000000|      -0.036969|       0.057086|
|             30|       0.077356|       1.100191|       0.131878|       0.000000|      -0.028543|      -0.055997|       0.055997|
|             31|       0.077356|       1.100191|       0.075881|      -0.018666|      -0.042542|       0.000000|       0.042542|
|             32|       0.077356|       1.057648|       0.075881|      -0.032847|       0.000000|      -0.021271|       0.032847|
|             33|       0.044510|       1.057648|       0.075881|       0.000000|      -0.016423|      -0.032220|       0.032220|
|             34|       0.044510|       1.057648|       0.043661|      -0.010740|      -0.024478|       0.000000|       0.024478|
|             35|       0.044510|       1.033170|       0.043661|      -0.018899|       0.000000|      -0.012239|       0.018899|
|             36|       0.025610|       1.033170|       0.043661|       0.000000|      -0.009450|      -0.018539|       0.018539|
|             37|       0.025610|       1.033170|       0.025122|      -0.006180|      -0.014084|       0.000000|       0.014084|
|             38|       0.025610|       1.019086|       0.025122|      -0.010875|       0.000000|      -0.007042|       0.010875|
|             39|       0.014736|       1.019086|       0.025122|       0.000000|      -0.005437|      -0.010667|       0.010667|
|             40|       0.014736|       1.019086|       0.014455|      -0.003556|      -0.008104|       0.000000|       0.008104|
|             41|       0.014736|       1.010982|       0.014455|      -0.006257|       0.000000|      -0.004052|       0.006257|
|             42|       0.008479|       1.010982|       0.014455|       0.000000|      -0.003129|      -0.006138|       0.006138|
|             43|       0.008479|       1.010982|       0.008317|      -0.002046|      -0.004663|       0.000000|       0.004663|
|             44|       0.008479|       1.006319|       0.008317|      -0.003600|       0.000000|      -0.002331|       0.003600|
|             45|       0.004879|       1.006319|       0.008317|       0.000000|      -0.001800|      -0.003532|       0.003532|
|             46|       0.004879|       1.006319|       0.004786|      -0.001177|      -0.002683|       0.000000|       0.002683|
|             47|       0.004879|       1.003636|       0.004786|      -0.002072|       0.000000|      -0.001341|       0.002072|
|             48|       0.002807|       1.003636|       0.004786|       0.000000|      -0.001036|      -0.002032|       0.002032|
|             49|       0.002807|       1.003636|       0.002754|      -0.000677|      -0.001544|       0.000000|       0.001544|
|             50|       0.002807|       1.002092|       0.002754|      -0.001192|       0.000000|      -0.000772|       0.001192|
|             51|       0.001615|       1.002092|       0.002754|       0.000000|      -0.000596|      -0.001169|       0.001169|
|             52|       0.001615|       1.002092|       0.001584|      -0.000390|      -0.000888|       0.000000|       0.000888|
|             53|       0.001615|       1.001204|       0.001584|      -0.000686|       0.000000|      -0.000444|       0.000686|
|             54|       0.000929|       1.001204|       0.001584|       0.000000|      -0.000343|      -0.000673|       0.000673|
|             55|       0.000929|       1.001204|       0.000912|      -0.000224|      -0.000511|       0.000000|       0.000511|
|             56|       0.000929|       1.000693|       0.000912|      -0.000395|       0.000000|      -0.000256|       0.000395|
|             57|       0.000535|       1.000693|       0.000912|       0.000000|      -0.000197|      -0.000387|       0.000387|
|             58|       0.000535|       1.000693|       0.000525|      -0.000129|      -0.000294|       0.000000|       0.000294|
|             59|       0.000535|       1.000398|       0.000525|      -0.000227|       0.000000|      -0.000147|       0.000227|
|             60|       0.000308|       1.000398|       0.000525|       0.000000|      -0.000114|      -0.000223|       0.000223|
|             61|       0.000308|       1.000398|       0.000302|      -0.000074|      -0.000169|       0.000000|       0.000169|
|             62|       0.000308|       1.000229|       0.000302|      -0.000131|       0.000000|      -0.000085|       0.000131|
|             63|       0.000177|       1.000229|       0.000302|       0.000000|      -0.000065|      -0.000128|       0.000128|
|             64|       0.000177|       1.000229|       0.000174|      -0.000043|      -0.000097|       0.000000|       0.000097|
|             65|       0.000177|       1.000132|       0.000174|      -0.000075|       0.000000|      -0.000049|       0.000075|
|             66|       0.000102|       1.000132|       0.000174|       0.000000|      -0.000038|      -0.000074|       0.000074|
|             67|       0.000102|       1.000132|       0.000100|      -0.000025|      -0.000056|       0.000000|       0.000056|
|             68|       0.000102|       1.000076|       0.000100|      -0.000043|       0.000000|      -0.000028|       0.000043|
|             69|       0.000059|       1.000076|       0.000100|       0.000000|      -0.000022|      -0.000042|       0.000042|
|             70|       0.000059|       1.000076|       0.000057|      -0.000014|      -0.000032|       0.000000|       0.000032|
|             71|       0.000059|       1.000044|       0.000057|      -0.000025|       0.000000|      -0.000016|       0.000025|
|             72|       0.000034|       1.000044|       0.000057|       0.000000|      -0.000012|      -0.000024|       0.000024|
|             73|       0.000034|       1.000044|       0.000033|      -0.000008|      -0.000019|       0.000000|       0.000019|
|             74|       0.000034|       1.000025|       0.000033|      -0.000014|       0.000000|      -0.000009|       0.000014|
|             75|       0.000019|       1.000025|       0.000033|       0.000000|      -0.000007|      -0.000014|       0.000014|
|             76|       0.000019|       1.000025|       0.000019|      -0.000005|      -0.000011|       0.000000|       0.000011|
|             77|       0.000019|       1.000014|       0.000019|      -0.000008|       0.000000|      -0.000005|       0.000008|
--------------------------------------------------------------------------------------------------------------------------------
Result iteration count is 77 and the result of calculation is (0.000019, 1.000014, 0.000019), which deviation from the root is 0.000053 and it is not less than eps = 0.000010
--------------------------------------------------------------------------------------------------------------------------------
